3.874707e+12
3.752353e+12
3.950348e+12
3.997873e+12
4.179623e+12
3.645187e+12
4.117784e+12
4.777058e+12
3.198693e+12
4.239027e+12
4.319484e+12
3.565529e+12
3.949453e+12
4.609875e+12
4.414491e+12
4.957448e+12
4.093192e+12
4.052522e+12
4.600891e+12
3.86702e+12
3.980106e+12
3.066682e+12
4.236074e+12
3.882027e+12
4.953729e+12
4.074356e+12
4.113036e+12
3.55973e+12
4.763739e+12
3.823787e+12
4.7489e+12
4.349624e+12
4.391402e+12
4.661688e+12
4.739481e+12
4.074136e+12
4.251913e+12
4.547366e+12
3.548692e+12
4.748799e+12
4.409235e+12
4.069375e+12
3.64817e+12
3.70522e+12
4.583378e+12
4.460553e+12
4.981805e+12
4.758468e+12
4.067217e+12
3.126035e+12
3.609485e+12
4.50969e+12
4.35884e+12
4.705226e+12
3.514327e+12
4.288067e+12
3.498335e+12
3.781389e+12
4.880825e+12
4.416078e+12
4.417831e+12
3.692929e+12
3.664472e+12
4.305969e+12
4.754497e+12
3.720974e+12
3.648292e+12
5.018338e+12
4.293157e+12
4.315049e+12
3.608401e+12
4.70148e+12
4.813269e+12
4.282145e+12
4.338905e+12
4.507825e+12
4.317688e+12
4.2343e+12
4.724049e+12
3.724013e+12
3.737958e+12
3.941092e+12
4.614836e+12
3.425208e+12
4.145853e+12
4.316777e+12
3.385238e+12
4.515109e+12
4.744114e+12
4.405098e+12
3.490416e+12
3.618783e+12
4.294579e+12
3.532825e+12
4.709983e+12
3.946902e+12
4.429519e+12
3.341604e+12
3.747401e+12
4.121404e+12
4.385195e+12
4.000457e+12
4.77567e+12
4.071554e+12
4.058145e+12
4.429662e+12
4.072838e+12
3.333337e+12
4.271824e+12
4.712722e+12
4.676218e+12
3.949017e+12
4.260124e+12
3.991153e+12
4.338871e+12
3.428569e+12
3.74952e+12
4.245994e+12
3.990864e+12
3.750226e+12
4.293082e+12
3.437874e+12
4.148796e+12
3.662823e+12
4.313911e+12
4.699392e+12
3.928977e+12
4.550451e+12
4.095325e+12
5.011861e+12
3.778927e+12
4.755488e+12
4.080051e+12
3.35651e+12
3.23488e+12
4.545485e+12
3.86502e+12
4.133941e+12
3.672144e+12
3.513133e+12
4.534772e+12
4.949728e+12
4.111619e+12
4.428218e+12
3.870436e+12
4.511017e+12
4.641392e+12
4.283571e+12
4.076056e+12
4.467704e+12
4.762081e+12
3.731199e+12
3.822289e+12
4.543835e+12
3.872725e+12
3.43494e+12
3.56976e+12
4.155409e+12
4.951446e+12
4.474021e+12
4.44431e+12
3.917005e+12
4.043566e+12
4.084753e+12
3.902667e+12
4.054503e+12
4.407212e+12
4.13025e+12
3.906157e+12
4.225974e+12
4.414095e+12
3.939663e+12
4.51372e+12
4.243023e+12
4.241036e+12
4.174997e+12
4.595874e+12
4.134251e+12
4.611924e+12
4.034119e+12
4.31621e+12
4.465607e+12
3.456314e+12
4.305759e+12
3.98482e+12
4.05204e+12
4.209451e+12
3.610032e+12
4.845554e+12
3.255637e+12
4.754847e+12
4.1671e+12
4.575916e+12
3.515586e+12
3.347931e+12
4.310434e+12
4.465076e+12
4.240549e+12
4.161416e+12
4.142827e+12
4.425602e+12
4.270111e+12
4.200415e+12
4.086478e+12
4.457759e+12
3.902845e+12
4.177816e+12
4.557046e+12
4.222132e+12
4.663563e+12
3.991127e+12
4.006941e+12
3.388344e+12
4.072129e+12
4.432256e+12
4.450049e+12
4.224011e+12
4.442008e+12
4.390317e+12
4.193103e+12
3.595695e+12
4.45823e+12
4.231908e+12
4.456861e+12
4.399693e+12
4.202176e+12
3.603652e+12
4.17295e+12
4.551756e+12
3.986423e+12
3.42109e+12
4.462327e+12
4.235861e+12
4.464787e+12
4.238235e+12
