3.960008e+12
4.010507e+12
4.154368e+12
3.420525e+12
3.875878e+12
3.79147e+12
4.395149e+12
5.127469e+12
4.665366e+12
3.920274e+12
4.480033e+12
4.456234e+12
4.867002e+12
5.205356e+12
4.161371e+12
4.304031e+12
4.219609e+12
4.340035e+12
3.755379e+12
3.610318e+12
5.227733e+12
3.88559e+12
4.668715e+12
4.706485e+12
4.149186e+12
3.090718e+12
4.437612e+12
4.124352e+12
5.075625e+12
4.363706e+12
4.840355e+12
3.193354e+12
4.984459e+12
3.578433e+12
3.814122e+12
4.061196e+12
5.078229e+12
4.989959e+12
5.208238e+12
5.317786e+12
3.960981e+12
4.661298e+12
4.833698e+12
4.823108e+12
3.639926e+12
5.189843e+12
3.332191e+12
5.282888e+12
4.106872e+12
4.163976e+12
3.351539e+12
4.475213e+12
4.372154e+12
3.696643e+12
3.927505e+12
4.533653e+12
4.705814e+12
3.865467e+12
4.023503e+12
5.108453e+12
5.148201e+12
4.647617e+12
4.849619e+12
3.750698e+12
4.636011e+12
4.763328e+12
4.991295e+12
4.149608e+12
3.710462e+12
4.233004e+12
4.332975e+12
3.904571e+12
4.734079e+12
4.528282e+12
4.229487e+12
3.92251e+12
5.187152e+12
4.364503e+12
4.628745e+12
4.721947e+12
4.263559e+12
4.018066e+12
4.840313e+12
4.203029e+12
3.829321e+12
4.385631e+12
4.889666e+12
4.337106e+12
4.070424e+12
3.595794e+12
5.041757e+12
4.445596e+12
3.620464e+12
3.842203e+12
3.872945e+12
4.43053e+12
4.604904e+12
5.169265e+12
5.046901e+12
4.528831e+12
4.867939e+12
4.976024e+12
4.850104e+12
4.631927e+12
5.163159e+12
4.155505e+12
5.018755e+12
4.053902e+12
3.734545e+12
4.733784e+12
4.804584e+12
4.105603e+12
4.319206e+12
5.023101e+12
4.18379e+12
4.344136e+12
3.10346e+12
4.905185e+12
3.702256e+12
4.92248e+12
3.722348e+12
4.300914e+12
5.157392e+12
4.617811e+12
3.954656e+12
3.436065e+12
3.775339e+12
3.898372e+12
4.445215e+12
4.736193e+12
3.990196e+12
3.804984e+12
3.783909e+12
4.548415e+12
3.571266e+12
4.522357e+12
3.586297e+12
4.551224e+12
4.968113e+12
4.161528e+12
4.653352e+12
4.209275e+12
4.700012e+12
4.596678e+12
4.217167e+12
3.662298e+12
4.408478e+12
5.106225e+12
3.733564e+12
4.431775e+12
4.157909e+12
4.135058e+12
4.025711e+12
4.8114e+12
4.93092e+12
3.688102e+12
4.730753e+12
4.827018e+12
4.451955e+12
4.14744e+12
3.684825e+12
4.679053e+12
3.936563e+12
5.185229e+12
4.173523e+12
4.162338e+12
3.963778e+12
4.073272e+12
3.823749e+12
3.620163e+12
4.422934e+12
4.361059e+12
5.042305e+12
4.348499e+12
4.687089e+12
4.444883e+12
4.497763e+12
5.217369e+12
4.486269e+12
3.749397e+12
4.075514e+12
3.385785e+12
3.853478e+12
4.145069e+12
4.520139e+12
4.182737e+12
3.902452e+12
4.560239e+12
4.919704e+12
4.004625e+12
4.004194e+12
4.945687e+12
4.285392e+12
3.712458e+12
3.980215e+12
3.957393e+12
4.799381e+12
3.261993e+12
3.593286e+12
3.810258e+12
4.73322e+12
3.929965e+12
3.646713e+12
5.105522e+12
4.942718e+12
4.749235e+12
4.911398e+12
4.308186e+12
4.195128e+12
4.256863e+12
4.62401e+12
4.685177e+12
4.226884e+12
4.39922e+12
3.612966e+12
4.28668e+12
4.954033e+12
4.930267e+12
4.818716e+12
3.970651e+12
4.470795e+12
3.332342e+12
3.444506e+12
3.805246e+12
4.40582e+12
4.673275e+12
4.066267e+12
4.303378e+12
3.747083e+12
4.437627e+12
3.241891e+12
3.970953e+12
4.167728e+12
4.696518e+12
3.964856e+12
4.122311e+12
4.652314e+12
4.697566e+12
4.077133e+12
4.581274e+12
4.506794e+12
3.254617e+12
5.278463e+12
3.416525e+12
4.157393e+12
4.851802e+12
4.448322e+12
4.76346e+12
4.637014e+12
4.730664e+12
4.308504e+12
4.189967e+12
3.85295e+12
4.841047e+12
3.556313e+12
5.048062e+12
4.035837e+12
4.11227e+12
4.356781e+12
3.875794e+12
4.655469e+12
4.582163e+12
4.418112e+12
4.431069e+12
4.507031e+12
5.323846e+12
3.936783e+12
3.976837e+12
3.807814e+12
5.060905e+12
5.380552e+12
5.136165e+12
4.583815e+12
3.471331e+12
3.949246e+12
4.396227e+12
3.551219e+12
4.431447e+12
4.122568e+12
4.850126e+12
3.67127e+12
4.163931e+12
4.675441e+12
4.608609e+12
4.01846e+12
3.967894e+12
3.516782e+12
4.64587e+12
3.936633e+12
3.890908e+12
5.114996e+12
3.616473e+12
4.212213e+12
3.371267e+12
4.804553e+12
4.477456e+12
4.406888e+12
4.912205e+12
5.034756e+12
4.688135e+12
3.771336e+12
4.891752e+12
4.516627e+12
4.638332e+12
3.861437e+12
4.427045e+12
4.48049e+12
3.966371e+12
4.778633e+12
4.768098e+12
4.11856e+12
5.049162e+12
4.412081e+12
3.493853e+12
4.952075e+12
4.073683e+12
4.288174e+12
4.220421e+12
4.928934e+12
4.597841e+12
4.350903e+12
3.74415e+12
4.315885e+12
4.4649e+12
4.692446e+12
4.374623e+12
5.005137e+12
3.763538e+12
4.943637e+12
4.481977e+12
4.084716e+12
4.46741e+12
4.909282e+12
4.274982e+12
4.62682e+12
3.896112e+12
4.531402e+12
3.919836e+12
4.142123e+12
3.794473e+12
4.925934e+12
4.931666e+12
4.127905e+12
4.31266e+12
3.965805e+12
4.381997e+12
3.775215e+12
4.383101e+12
4.543906e+12
3.964676e+12
3.692772e+12
4.326634e+12
4.300781e+12
4.560371e+12
3.818307e+12
3.949298e+12
4.65819e+12
4.559249e+12
4.273629e+12
4.991783e+12
3.473131e+12
3.733693e+12
4.790733e+12
4.7836e+12
4.117784e+12
4.253372e+12
4.247772e+12
3.956553e+12
5.074788e+12
4.083025e+12
4.456813e+12
4.672704e+12
4.55196e+12
5.060623e+12
4.695354e+12
4.063033e+12
4.482592e+12
4.149943e+12
4.850547e+12
4.729364e+12
3.766401e+12
5.107595e+12
4.539025e+12
4.315307e+12
4.830227e+12
4.51301e+12
3.424805e+12
4.759791e+12
4.926065e+12
4.725191e+12
4.588287e+12
4.614828e+12
4.892022e+12
4.111053e+12
4.747098e+12
3.99964e+12
4.594783e+12
4.654241e+12
4.68692e+12
4.568776e+12
4.149409e+12
4.400836e+12
4.678981e+12
5.080245e+12
3.780303e+12
4.206657e+12
4.367462e+12
3.66459e+12
4.420265e+12
4.182559e+12
4.248699e+12
3.475285e+12
4.608665e+12
3.837753e+12
3.587441e+12
4.474784e+12
3.844046e+12
4.294694e+12
4.039131e+12
4.295327e+12
4.450017e+12
4.075212e+12
4.049894e+12
4.76934e+12
4.860903e+12
5.146137e+12
4.477901e+12
4.476442e+12
4.905909e+12
3.880178e+12
5.036033e+12
4.123344e+12
4.53423e+12
3.660455e+12
5.110291e+12
3.549122e+12
4.13847e+12
4.685427e+12
3.872694e+12
3.540747e+12
3.742005e+12
4.25102e+12
4.720432e+12
4.245757e+12
3.733106e+12
4.535678e+12
3.594724e+12
4.422464e+12
3.881513e+12
3.782979e+12
3.319432e+12
3.202798e+12
4.365273e+12
4.4923e+12
4.988854e+12
4.036307e+12
4.504777e+12
3.689052e+12
4.295059e+12
3.975825e+12
3.855449e+12
3.98655e+12
3.90938e+12
4.309355e+12
4.472002e+12
4.335946e+12
4.8045e+12
4.12334e+12
4.577682e+12
4.555249e+12
3.881528e+12
4.697162e+12
4.849171e+12
4.929639e+12
4.422274e+12
4.974425e+12
4.68659e+12
3.746732e+12
4.490472e+12
4.318228e+12
4.755559e+12
4.425049e+12
4.729341e+12
4.940885e+12
4.088664e+12
4.144147e+12
4.219798e+12
4.547257e+12
5.005851e+12
4.673725e+12
3.532736e+12
3.906581e+12
5.215867e+12
4.459042e+12
3.724497e+12
4.492308e+12
4.475018e+12
4.365174e+12
4.589185e+12
4.750861e+12
5.17652e+12
3.960516e+12
4.251913e+12
4.709099e+12
4.096194e+12
4.6736e+12
4.45741e+12
4.949742e+12
4.723405e+12
4.696089e+12
4.608878e+12
5.047181e+12
3.934922e+12
4.398289e+12
4.967152e+12
3.770139e+12
4.84173e+12
4.160108e+12
4.647428e+12
3.987502e+12
3.974165e+12
4.263301e+12
4.697722e+12
4.086216e+12
3.955733e+12
4.360431e+12
3.801737e+12
4.35441e+12
4.685963e+12
4.46928e+12
4.962694e+12
4.735838e+12
4.791039e+12
4.597696e+12
5.062472e+12
3.946904e+12
4.377972e+12
4.411679e+12
3.760886e+12
4.856248e+12
4.172643e+12
4.661429e+12
3.977824e+12
4.524694e+12
4.559546e+12
4.375783e+12
4.818957e+12
4.791481e+12
3.981033e+12
4.14256e+12
4.199607e+12
4.607208e+12
5.071856e+12
3.580257e+12
3.958286e+12
4.430274e+12
3.774012e+12
4.536788e+12
3.961633e+12
4.366933e+12
3.797165e+12
4.692176e+12
4.475246e+12
4.969202e+12
4.742085e+12
3.985169e+12
4.272477e+12
4.707831e+12
4.095081e+12
4.695914e+12
4.478835e+12
4.973118e+12
4.745843e+12
