4.028439e+12
4.05554e+12
4.22286e+12
3.460903e+12
4.010591e+12
3.886878e+12
4.470981e+12
5.182673e+12
4.799095e+12
4.016426e+12
4.595944e+12
4.532282e+12
4.932889e+12
5.332164e+12
4.231562e+12
4.380361e+12
4.285728e+12
4.437734e+12
3.798701e+12
3.655124e+12
5.297971e+12
3.958783e+12
4.795807e+12
4.774537e+12
4.20119e+12
3.148502e+12
4.533473e+12
4.180346e+12
5.155464e+12
4.425381e+12
4.952618e+12
3.236657e+12
5.090523e+12
3.645833e+12
3.859375e+12
4.134264e+12
5.151175e+12
5.06816e+12
5.321962e+12
5.389771e+12
4.006637e+12
4.712083e+12
4.954774e+12
4.907801e+12
3.74996e+12
5.305179e+12
3.394082e+12
5.42105e+12
4.180881e+12
4.214884e+12
3.428483e+12
4.555249e+12
4.480332e+12
3.752702e+12
4.022829e+12
4.666935e+12
4.789292e+12
3.975617e+12
4.128775e+12
5.191886e+12
5.248974e+12
4.720595e+12
4.916134e+12
3.821122e+12
4.726629e+12
4.812698e+12
5.059579e+12
4.221507e+12
3.773944e+12
4.312422e+12
4.392847e+12
3.990129e+12
4.839499e+12
4.627435e+12
4.328391e+12
3.988957e+12
5.25903e+12
4.434923e+12
4.678943e+12
4.865374e+12
4.310154e+12
4.078945e+12
4.92343e+12
4.265797e+12
3.884205e+12
4.432554e+12
4.982476e+12
4.462234e+12
4.151076e+12
3.637848e+12
5.12944e+12
4.544448e+12
3.691254e+12
3.939879e+12
3.922803e+12
4.520061e+12
4.677522e+12
5.241885e+12
5.125609e+12
4.63387e+12
4.997054e+12
5.118049e+12
4.937101e+12
4.700818e+12
5.258641e+12
4.254524e+12
5.099543e+12
4.146949e+12
3.782132e+12
4.856533e+12
4.937448e+12
4.175718e+12
4.366707e+12
5.076106e+12
4.254327e+12
4.405422e+12
3.142849e+12
5.011189e+12
3.807952e+12
4.998985e+12
3.811175e+12
4.359036e+12
5.223362e+12
4.684538e+12
4.073437e+12
3.512178e+12
3.818962e+12
3.941365e+12
4.536756e+12
4.814275e+12
4.073111e+12
3.934516e+12
3.842861e+12
4.631895e+12
3.659037e+12
4.603372e+12
3.696914e+12
4.627272e+12
5.077219e+12
4.278799e+12
4.730282e+12
4.272347e+12
4.792865e+12
4.658465e+12
4.264952e+12
3.708629e+12
4.502914e+12
5.216301e+12
3.809809e+12
4.553754e+12
4.236375e+12
4.226325e+12
4.099389e+12
4.876676e+12
5.042738e+12
3.744657e+12
4.828815e+12
4.969224e+12
4.52546e+12
4.218151e+12
3.741768e+12
4.75801e+12
4.033183e+12
5.254304e+12
4.270159e+12
4.236418e+12
4.008468e+12
4.167005e+12
3.892337e+12
3.685005e+12
4.552086e+12
4.421884e+12
5.094203e+12
4.397007e+12
4.779219e+12
4.527333e+12
4.599389e+12
5.347158e+12
4.633988e+12
3.855228e+12
4.166807e+12
3.446715e+12
3.938345e+12
4.203346e+12
4.575099e+12
4.295984e+12
3.982491e+12
4.674372e+12
5.03598e+12
4.050434e+12
4.092618e+12
5.035422e+12
4.382647e+12
3.775092e+12
4.054763e+12
4.001543e+12
4.933149e+12
3.301876e+12
3.636379e+12
3.858413e+12
4.785545e+12
4.00246e+12
3.690415e+12
5.237463e+12
5.081417e+12
4.852588e+12
5.026099e+12
4.379407e+12
4.241494e+12
4.350464e+12
4.697328e+12
4.789047e+12
4.314985e+12
4.447534e+12
3.703113e+12
4.356816e+12
5.035906e+12
5.010431e+12
4.881283e+12
4.030381e+12
4.521024e+12
3.376146e+12
3.48609e+12
3.849442e+12
4.469424e+12
4.783575e+12
4.158824e+12
4.405181e+12
3.789607e+12
4.501843e+12
3.300478e+12
4.039596e+12
4.237259e+12
4.772044e+12
4.080398e+12
4.167495e+12
4.717366e+12
4.774351e+12
4.189721e+12
4.630116e+12
4.602098e+12
3.320234e+12
5.388066e+12
3.483033e+12
4.217902e+12
4.903143e+12
4.554934e+12
4.858086e+12
4.748829e+12
4.861973e+12
4.381747e+12
4.23798e+12
3.963349e+12
4.893524e+12
3.641737e+12
5.134001e+12
4.098178e+12
4.158396e+12
4.431845e+12
3.939281e+12
4.739122e+12
4.662156e+12
4.490495e+12
4.497018e+12
4.556034e+12
5.415014e+12
4.009934e+12
4.032276e+12
3.854669e+12
5.128288e+12
5.45404e+12
5.217264e+12
4.706263e+12
3.515635e+12
3.997902e+12
4.475281e+12
3.638742e+12
4.520807e+12
4.194872e+12
4.927945e+12
3.718923e+12
4.24789e+12
4.786559e+12
4.67305e+12
4.068843e+12
4.040992e+12
3.562588e+12
4.728003e+12
4.007997e+12
3.963116e+12
5.186145e+12
3.698344e+12
4.283662e+12
3.416547e+12
4.872058e+12
4.527184e+12
4.534874e+12
4.982519e+12
5.118856e+12
4.81585e+12
3.836981e+12
4.944572e+12
4.637321e+12
4.703981e+12
3.909482e+12
4.491826e+12
4.540917e+12
4.064379e+12
4.89461e+12
4.849031e+12
4.253275e+12
5.166359e+12
4.512442e+12
3.549076e+12
5.020253e+12
4.140934e+12
4.340679e+12
4.338646e+12
5.051338e+12
4.69952e+12
4.448797e+12
3.816563e+12
4.43942e+12
4.559881e+12
4.774319e+12
4.429058e+12
5.14032e+12
3.85217e+12
5.043151e+12
4.573513e+12
4.158063e+12
4.547581e+12
5.00275e+12
4.393153e+12
4.734022e+12
3.953922e+12
4.640251e+12
4.012375e+12
4.217562e+12
3.906106e+12
5.032761e+12
5.025768e+12
4.187833e+12
4.391979e+12
4.074922e+12
4.463693e+12
3.846857e+12
4.511384e+12
4.626492e+12
4.034027e+12
3.776553e+12
4.426956e+12
4.373484e+12
4.620348e+12
3.891963e+12
4.039248e+12
4.770482e+12
4.670637e+12
4.370529e+12
5.087792e+12
3.550955e+12
3.820375e+12
4.898581e+12
4.886597e+12
4.238262e+12
4.355983e+12
4.341123e+12
4.066466e+12
5.213527e+12
4.180787e+12
4.559811e+12
4.799959e+12
4.681322e+12
5.172714e+12
4.781498e+12
4.164076e+12
4.602757e+12
4.25055e+12
4.978378e+12
4.844074e+12
3.857744e+12
5.198222e+12
4.652167e+12
4.390592e+12
4.909986e+12
4.609629e+12
3.511433e+12
4.870306e+12
5.056359e+12
4.862218e+12
4.680563e+12
4.746663e+12
5.020458e+12
4.192724e+12
4.86566e+12
4.115249e+12
4.702538e+12
4.773671e+12
4.797987e+12
4.698424e+12
4.266884e+12
4.528798e+12
4.805226e+12
5.226444e+12
3.893913e+12
4.333069e+12
4.481505e+12
3.766568e+12
4.536026e+12
4.306089e+12
4.362873e+12
3.574216e+12
4.717034e+12
3.951699e+12
3.691957e+12
4.592567e+12
3.947672e+12
4.403984e+12
4.10347e+12
4.411464e+12
4.521005e+12
4.168215e+12
4.115133e+12
4.893524e+12
4.93854e+12
5.276719e+12
4.550001e+12
4.587233e+12
4.984869e+12
3.944539e+12
5.1642e+12
4.192627e+12
4.610162e+12
3.75663e+12
5.228976e+12
3.610904e+12
4.208812e+12
4.809483e+12
3.972171e+12
3.60335e+12
3.862196e+12
4.344949e+12
4.825064e+12
4.340211e+12
3.815827e+12
4.638938e+12
3.673427e+12
4.545894e+12
3.972699e+12
3.867657e+12
3.394696e+12
3.277213e+12
4.469545e+12
4.617613e+12
5.104839e+12
4.148527e+12
4.630673e+12
3.797423e+12
4.438973e+12
4.108757e+12
3.944256e+12
4.09068e+12
4.000591e+12
4.409858e+12
4.573708e+12
4.439458e+12
4.914351e+12
4.220146e+12
4.683585e+12
4.657247e+12
3.971467e+12
4.815002e+12
4.958071e+12
5.065811e+12
4.532313e+12
5.094982e+12
4.799448e+12
3.836741e+12
4.619112e+12
4.43965e+12
4.889999e+12
4.539646e+12
4.85616e+12
5.069611e+12
4.200229e+12
4.263839e+12
4.332538e+12
4.672284e+12
5.144339e+12
4.791059e+12
3.637678e+12
4.016353e+12
5.347748e+12
4.574457e+12
3.832477e+12
4.615462e+12
4.607819e+12
4.488408e+12
4.718309e+12
4.87987e+12
5.302056e+12
4.061457e+12
4.346148e+12
4.815981e+12
4.19181e+12
4.78908e+12
4.571022e+12
5.068014e+12
4.839742e+12
4.809353e+12
4.734099e+12
5.182779e+12
4.042488e+12
4.519003e+12
5.081061e+12
3.87826e+12
4.968094e+12
4.271027e+12
4.771989e+12
4.098889e+12
4.076768e+12
4.358928e+12
4.803165e+12
4.180584e+12
4.052449e+12
4.467149e+12
3.898411e+12
4.467133e+12
4.802682e+12
4.5841e+12
5.082167e+12
4.853345e+12
4.922952e+12
4.72168e+12
5.199808e+12
4.055768e+12
4.493079e+12
4.533896e+12
3.867985e+12
4.984135e+12
4.284851e+12
4.787482e+12
4.088198e+12
4.63272e+12
4.6897e+12
4.50329e+12
4.960284e+12
4.924466e+12
4.084481e+12
4.259368e+12
4.325258e+12
4.738276e+12
5.217184e+12
3.690233e+12
4.073178e+12
4.560178e+12
3.886988e+12
4.6463e+12
4.059064e+12
4.474459e+12
3.893273e+12
4.809517e+12
4.590671e+12
5.089277e+12
4.860178e+12
4.089128e+12
4.369235e+12
4.814552e+12
4.190558e+12
4.813629e+12
4.594625e+12
5.093554e+12
4.864288e+12
