4.73286e+12
4.407888e+12
4.843671e+12
3.85842e+12
5.030763e+12
4.581355e+12
5.398872e+12
5.598068e+12
6.119668e+12
4.685121e+12
5.524944e+12
5.242279e+12
5.569824e+12
6.257067e+12
4.786343e+12
5.072388e+12
5.0609e+12
5.404312e+12
4.149594e+12
4.097106e+12
5.977512e+12
4.558423e+12
5.9697e+12
5.355905e+12
4.64682e+12
3.765857e+12
5.548373e+12
4.600611e+12
5.973825e+12
5.080145e+12
5.794967e+12
3.649525e+12
5.889291e+12
4.286931e+12
4.265126e+12
4.659135e+12
5.782819e+12
5.707375e+12
6.346086e+12
6.083555e+12
4.386628e+12
5.131658e+12
5.981248e+12
5.846891e+12
4.608633e+12
6.350918e+12
4.011597e+12
6.501769e+12
4.787384e+12
4.685703e+12
4.116794e+12
5.084084e+12
5.217666e+12
4.37133e+12
4.742641e+12
5.769932e+12
5.496227e+12
5.036622e+12
5.069023e+12
5.981356e+12
6.137572e+12
5.517363e+12
5.610196e+12
4.441513e+12
5.595126e+12
5.225819e+12
5.713783e+12
4.918377e+12
4.481908e+12
4.925968e+12
4.807215e+12
4.741829e+12
5.852765e+12
5.425372e+12
5.112594e+12
4.684778e+12
5.883603e+12
5.042692e+12
5.07561e+12
6.132727e+12
4.705398e+12
4.640197e+12
5.622555e+12
4.89416e+12
4.287985e+12
4.865308e+12
5.825021e+12
5.400908e+12
4.951267e+12
4.016416e+12
5.806861e+12
5.273635e+12
4.300566e+12
4.759129e+12
4.37269e+12
5.310552e+12
5.488244e+12
5.925767e+12
5.754161e+12
5.443569e+12
6.00092e+12
6.124149e+12
5.626027e+12
5.288528e+12
6.198686e+12
5.175604e+12
5.906936e+12
5.094199e+12
4.189043e+12
5.912212e+12
6.13663e+12
4.865969e+12
4.72093e+12
5.477525e+12
5.021654e+12
5.033699e+12
3.523555e+12
6.057656e+12
4.665521e+12
5.626433e+12
4.701677e+12
4.940649e+12
5.819814e+12
5.306417e+12
5.105639e+12
4.212479e+12
4.211885e+12
4.335186e+12
5.17089e+12
5.587831e+12
4.655595e+12
4.962511e+12
4.42265e+12
5.489347e+12
4.381761e+12
5.220338e+12
4.627999e+12
5.334826e+12
5.89205e+12
5.232133e+12
5.32736e+12
4.850289e+12
5.52845e+12
5.206578e+12
4.654148e+12
4.162283e+12
5.167079e+12
6.093999e+12
4.358594e+12
5.474848e+12
4.87708e+12
5.022437e+12
4.978495e+12
5.560725e+12
6.053691e+12
4.325701e+12
5.651395e+12
6.022587e+12
5.261038e+12
4.759021e+12
4.366502e+12
5.494636e+12
4.775906e+12
5.92714e+12
5.024077e+12
4.90552e+12
4.415626e+12
4.968292e+12
4.547261e+12
4.342117e+12
5.577968e+12
5.070984e+12
5.531778e+12
4.805398e+12
5.656598e+12
5.420713e+12
5.579763e+12
6.308009e+12
5.767651e+12
4.719076e+12
4.86936e+12
4.108612e+12
4.574189e+12
4.71187e+12
5.052616e+12
5.244948e+12
4.810283e+12
5.70746e+12
5.967715e+12
4.465186e+12
4.705054e+12
5.739256e+12
5.057705e+12
4.479666e+12
4.71077e+12
4.402442e+12
6.032549e+12
3.690988e+12
4.021328e+12
4.297366e+12
5.195171e+12
4.645434e+12
4.08076e+12
6.259912e+12
6.254755e+12
5.584772e+12
5.979412e+12
5.131368e+12
4.665247e+12
5.112658e+12
5.337076e+12
5.463059e+12
5.131268e+12
4.844705e+12
4.438087e+12
5.103914e+12
5.738251e+12
5.637827e+12
5.444315e+12
4.626333e+12
4.931597e+12
3.798719e+12
3.857031e+12
4.248193e+12
5.116348e+12
5.741169e+12
5.108866e+12
5.204895e+12
4.175801e+12
5.104652e+12
3.937188e+12
4.61589e+12
4.829291e+12
5.381909e+12
5.082179e+12
4.583059e+12
5.337238e+12
5.542635e+12
5.088458e+12
5.035262e+12
5.409451e+12
3.925312e+12
6.223348e+12
4.106122e+12
4.830016e+12
5.331718e+12
5.338394e+12
5.606016e+12
5.663324e+12
5.870413e+12
5.055577e+12
4.637965e+12
5.018528e+12
5.286968e+12
4.356751e+12
6.105612e+12
4.661906e+12
4.546013e+12
5.120173e+12
4.665193e+12
5.662475e+12
5.328875e+12
5.113036e+12
5.102735e+12
4.972831e+12
6.124937e+12
4.601181e+12
4.444298e+12
4.318789e+12
5.842227e+12
6.157798e+12
5.861868e+12
5.650118e+12
3.947912e+12
4.446559e+12
5.124187e+12
4.499597e+12
5.363197e+12
4.850889e+12
5.540761e+12
4.148172e+12
4.845372e+12
5.645002e+12
5.338537e+12
4.529196e+12
4.690866e+12
4.005776e+12
5.407902e+12
4.646201e+12
4.475671e+12
5.861366e+12
4.402572e+12
4.888995e+12
3.84927e+12
5.5101e+12
4.916225e+12
5.485869e+12
5.639178e+12
5.837209e+12
5.987699e+12
4.513448e+12
5.362604e+12
5.65698e+12
5.378166e+12
4.324744e+12
5.146135e+12
4.963529e+12
4.78695e+12
5.963695e+12
5.533563e+12
5.350828e+12
6.265813e+12
5.302154e+12
4.149142e+12
5.673197e+12
4.856109e+12
4.796013e+12
5.215987e+12
5.936176e+12
5.51284e+12
5.224724e+12
4.401512e+12
5.537685e+12
5.345812e+12
5.406541e+12
4.896109e+12
6.181871e+12
4.601066e+12
5.905643e+12
5.287416e+12
4.817869e+12
5.221947e+12
5.90946e+12
5.375725e+12
5.612415e+12
4.598533e+12
5.39358e+12
4.791557e+12
4.891579e+12
4.791883e+12
6.079852e+12
5.934763e+12
4.81704e+12
5.049514e+12
4.975942e+12
5.134608e+12
4.473e+12
5.536002e+12
5.315417e+12
4.706615e+12
4.395665e+12
5.377684e+12
5.089707e+12
5.227087e+12
4.529961e+12
4.811752e+12
5.660741e+12
5.482366e+12
5.052404e+12
5.859282e+12
4.259227e+12
4.557399e+12
5.691403e+12
5.723525e+12
5.305244e+12
5.240118e+12
4.988556e+12
4.976183e+12
6.19929e+12
4.94425e+12
5.38163e+12
5.772551e+12
5.732799e+12
6.003243e+12
5.453592e+12
5.020996e+12
5.619342e+12
5.02816e+12
5.959467e+12
5.748592e+12
4.614822e+12
5.920066e+12
5.52947e+12
5.082925e+12
5.665967e+12
5.406636e+12
4.213416e+12
5.851611e+12
6.048725e+12
5.826683e+12
5.284839e+12
5.811874e+12
6.131727e+12
5.050417e+12
5.831685e+12
5.03986e+12
5.506739e+12
5.770062e+12
5.618232e+12
5.678141e+12
5.302855e+12
5.77194e+12
5.75791e+12
6.320894e+12
4.861505e+12
5.325293e+12
5.453613e+12
4.64665e+12
5.491572e+12
5.217658e+12
5.290015e+12
4.419005e+12
5.469567e+12
4.847588e+12
4.525741e+12
5.558875e+12
4.857837e+12
5.24329e+12
4.850719e+12
5.347687e+12
5.289441e+12
4.815418e+12
4.867903e+12
5.866023e+12
5.728162e+12
6.305651e+12
5.324365e+12
5.452015e+12
5.780828e+12
4.674906e+12
6.179727e+12
4.918387e+12
5.357108e+12
4.550404e+12
6.114283e+12
4.294139e+12
4.938371e+12
5.928804e+12
4.801873e+12
4.288911e+12
4.793728e+12
5.327375e+12
5.839146e+12
5.321286e+12
4.539038e+12
5.620638e+12
4.401661e+12
5.478932e+12
4.890357e+12
4.599396e+12
4.076012e+12
3.939546e+12
5.311629e+12
5.753692e+12
6.015436e+12
5.243104e+12
5.763124e+12
4.820614e+12
5.535292e+12
5.171919e+12
4.569144e+12
4.806037e+12
4.678654e+12
5.101082e+12
5.283253e+12
5.15391e+12
5.688709e+12
4.961784e+12
5.552983e+12
5.369244e+12
4.653832e+12
5.775338e+12
5.865741e+12
6.100935e+12
5.417519e+12
6.094419e+12
5.721448e+12
4.496482e+12
5.584006e+12
5.417106e+12
5.894679e+12
5.513016e+12
5.90582e+12
6.066493e+12
5.189969e+12
5.21085e+12
5.273859e+12
5.689756e+12
6.189543e+12
5.803313e+12
4.527021e+12
4.973906e+12
6.383622e+12
5.5527e+12
4.757843e+12
5.623363e+12
5.897148e+12
5.473693e+12
5.993121e+12
6.043555e+12
6.234043e+12
4.758294e+12
5.010872e+12
5.507759e+12
4.855514e+12
5.731485e+12
5.482897e+12
6.049443e+12
5.788584e+12
5.683567e+12
5.696541e+12
6.14935e+12
4.93498e+12
5.434213e+12
5.975815e+12
4.758573e+12
5.953129e+12
5.20254e+12
5.726531e+12
5.016578e+12
4.783287e+12
5.032624e+12
5.486472e+12
4.836419e+12
4.76662e+12
5.195786e+12
4.600966e+12
5.429138e+12
5.754503e+12
5.504969e+12
6.073058e+12
5.811216e+12
6.113282e+12
5.67583e+12
6.177011e+12
4.957802e+12
5.473317e+12
5.458982e+12
4.740954e+12
5.979606e+12
5.226035e+12
5.752028e+12
4.998457e+12
5.381051e+12
5.746711e+12
5.522596e+12
6.008166e+12
6.018273e+12
4.795896e+12
5.29014e+12
5.312392e+12
5.79812e+12
6.306101e+12
4.616617e+12
5.069987e+12
5.591199e+12
4.849835e+12
5.403651e+12
4.777891e+12
5.207916e+12
4.592227e+12
5.766064e+12
5.516054e+12
6.084913e+12
5.822576e+12
4.803497e+12
5.050197e+12
5.505384e+12
4.853383e+12
5.773017e+12
5.52272e+12
6.092041e+12
5.829406e+12
