3.825836e+12
3.975755e+12
3.951221e+12
3.411857e+12
3.562576e+12
3.635211e+12
4.152474e+12
4.951631e+12
4.218961e+12
3.778607e+12
4.190509e+12
4.353488e+12
4.724763e+12
4.885418e+12
4.005814e+12
4.219707e+12
4.164435e+12
4.045821e+12
3.6923e+12
3.629589e+12
4.94889e+12
3.817389e+12
4.363461e+12
4.549238e+12
4.081958e+12
3.026568e+12
4.220905e+12
4.082597e+12
4.906179e+12
4.158168e+12
4.623494e+12
3.160469e+12
4.705395e+12
3.51499e+12
3.707073e+12
3.94976e+12
4.897025e+12
4.717482e+12
4.81572e+12
5.143773e+12
3.896943e+12
4.536592e+12
4.604363e+12
4.553966e+12
3.454032e+12
4.852832e+12
3.267266e+12
4.876368e+12
4.011589e+12
4.128575e+12
3.21522e+12
4.317409e+12
4.174074e+12
3.606079e+12
3.735073e+12
4.214484e+12
4.57132e+12
3.626517e+12
3.843919e+12
4.89588e+12
4.900657e+12
4.535307e+12
4.694786e+12
3.620296e+12
4.460884e+12
4.701993e+12
4.898213e+12
4.020686e+12
3.612615e+12
4.125261e+12
4.238643e+12
3.74779e+12
4.43083e+12
4.367272e+12
4.095458e+12
3.856537e+12
4.962726e+12
4.246445e+12
4.564157e+12
4.320005e+12
4.235134e+12
3.901749e+12
4.646052e+12
4.048125e+12
3.754272e+12
4.328791e+12
4.608604e+12
4.115505e+12
3.865306e+12
3.567919e+12
4.825901e+12
4.252702e+12
3.51658e+12
3.683603e+12
3.803112e+12
4.226226e+12
4.354401e+12
4.930849e+12
4.884186e+12
4.277927e+12
4.570267e+12
4.656622e+12
4.698941e+12
4.509874e+12
4.86042e+12
3.939452e+12
4.757956e+12
3.820339e+12
3.707576e+12
4.416742e+12
4.411813e+12
4.045291e+12
4.235355e+12
4.897803e+12
3.996763e+12
4.289761e+12
3.059699e+12
4.651224e+12
3.489016e+12
4.705015e+12
3.571866e+12
4.10976e+12
4.898307e+12
4.491786e+12
3.697295e+12
3.339631e+12
3.708986e+12
3.906111e+12
4.209774e+12
4.538299e+12
3.840706e+12
3.516001e+12
3.68012e+12
4.267795e+12
3.459202e+12
4.378893e+12
3.382232e+12
4.4331e+12
4.74878e+12
3.964612e+12
4.4614e+12
4.134865e+12
4.475114e+12
4.411617e+12
4.104095e+12
3.647132e+12
4.258752e+12
4.755525e+12
3.637487e+12
4.190295e+12
4.022803e+12
3.987596e+12
3.834243e+12
4.701727e+12
4.670955e+12
3.567791e+12
4.481542e+12
4.501427e+12
4.353596e+12
4.023835e+12
3.55656e+12
4.517745e+12
3.77638e+12
4.957377e+12
3.986784e+12
4.01675e+12
3.933181e+12
3.960354e+12
3.732073e+12
3.523627e+12
4.122249e+12
4.198985e+12
4.95107e+12
4.278427e+12
4.4158e+12
4.230541e+12
4.30337e+12
4.861409e+12
4.109931e+12
3.55241e+12
3.908235e+12
3.290814e+12
3.737315e+12
4.019677e+12
4.447287e+12
3.951605e+12
3.705789e+12
4.258996e+12
4.678883e+12
3.914312e+12
3.873734e+12
4.746379e+12
4.096779e+12
3.646737e+12
3.866602e+12
3.908285e+12
4.510813e+12
3.235778e+12
3.509686e+12
3.777587e+12
4.623672e+12
3.85641e+12
3.581023e+12
4.798316e+12
4.554025e+12
4.531716e+12
4.60278e+12
4.167427e+12
4.121552e+12
4.038342e+12
4.47181e+12
4.473769e+12
4.027589e+12
4.303394e+12
3.462635e+12
4.181759e+12
4.824709e+12
4.699508e+12
4.648683e+12
3.883334e+12
4.329352e+12
3.316842e+12
3.398824e+12
3.757102e+12
4.265992e+12
4.378114e+12
3.867475e+12
4.126018e+12
3.737015e+12
4.265259e+12
3.193023e+12
3.823659e+12
4.035052e+12
4.466371e+12
3.736239e+12
4.109261e+12
4.495011e+12
4.538819e+12
3.854789e+12
4.502694e+12
4.318154e+12
3.161885e+12
4.95074e+12
3.338437e+12
4.086547e+12
4.743831e+12
4.253097e+12
4.483086e+12
4.375839e+12
4.482192e+12
4.221907e+12
4.102347e+12
3.581776e+12
4.698503e+12
3.415031e+12
4.788878e+12
3.943923e+12
4.066038e+12
4.224925e+12
3.824699e+12
4.452628e+12
4.423635e+12
4.252249e+12
4.288573e+12
4.454506e+12
5.067179e+12
3.825436e+12
3.918434e+12
3.809864e+12
4.920327e+12
5.15639e+12
4.919069e+12
4.339048e+12
3.473215e+12
3.93396e+12
4.223098e+12
3.389907e+12
4.244236e+12
4.02137e+12
4.672793e+12
3.621213e+12
4.028492e+12
4.379004e+12
4.48386e+12
3.965843e+12
3.808574e+12
3.4844e+12
4.437877e+12
3.820833e+12
3.764549e+12
4.925905e+12
3.467846e+12
4.032688e+12
3.321668e+12
4.695e+12
4.395061e+12
4.139042e+12
4.708038e+12
4.854227e+12
4.344227e+12
3.690082e+12
4.799751e+12
4.194111e+12
4.469245e+12
3.852073e+12
4.243705e+12
4.402805e+12
3.82003e+12
4.484324e+12
4.624172e+12
3.807137e+12
4.657829e+12
4.189233e+12
3.388212e+12
4.711197e+12
4.022991e+12
4.238332e+12
4.018878e+12
4.655196e+12
4.386875e+12
4.177028e+12
3.659935e+12
3.999208e+12
4.257629e+12
4.565045e+12
4.284555e+12
4.650581e+12
3.592313e+12
4.684009e+12
4.245806e+12
4.026325e+12
4.362633e+12
4.64758e+12
3.995815e+12
4.331554e+12
3.782101e+12
4.34769e+12
3.794447e+12
4.043155e+12
3.619127e+12
4.631112e+12
4.620757e+12
3.952806e+12
4.192718e+12
3.733514e+12
4.218214e+12
3.686495e+12
4.126824e+12
4.394767e+12
3.888682e+12
3.562647e+12
4.12141e+12
4.187141e+12
4.336127e+12
3.69005e+12
3.789955e+12
4.459148e+12
4.333849e+12
4.109316e+12
4.721194e+12
3.348146e+12
3.605275e+12
4.558536e+12
4.584517e+12
3.867918e+12
4.071115e+12
4.084085e+12
3.762635e+12
4.75269e+12
3.935919e+12
4.291924e+12
4.366674e+12
4.306859e+12
4.786153e+12
4.529026e+12
3.870499e+12
4.210569e+12
3.960111e+12
4.585495e+12
4.478267e+12
3.628541e+12
4.922932e+12
4.277651e+12
4.196879e+12
4.6842e+12
4.253945e+12
3.299663e+12
4.488996e+12
4.609486e+12
4.446786e+12
4.403e+12
4.318903e+12
4.517315e+12
3.882556e+12
4.409971e+12
3.793037e+12
4.412636e+12
4.415533e+12
4.457588e+12
4.310617e+12
3.928149e+12
4.020274e+12
4.403527e+12
4.709658e+12
3.54433e+12
3.94183e+12
4.148257e+12
3.466259e+12
4.218724e+12
3.950409e+12
4.036757e+12
3.30605e+12
4.363087e+12
3.621462e+12
3.366041e+12
4.226703e+12
3.655089e+12
4.072817e+12
4.00266e+12
4.037872e+12
4.359721e+12
3.903694e+12
3.980495e+12
4.534597e+12
4.716781e+12
4.822869e+12
4.351367e+12
4.265983e+12
4.722239e+12
3.796554e+12
4.756242e+12
4.003798e+12
4.360858e+12
3.490438e+12
4.791281e+12
3.468775e+12
3.983487e+12
4.338991e+12
3.669883e+12
3.428674e+12
3.473287e+12
4.061522e+12
4.457177e+12
4.020622e+12
3.596014e+12
4.26313e+12
3.481073e+12
4.159617e+12
3.673428e+12
3.614863e+12
3.211463e+12
3.083294e+12
4.113948e+12
4.181334e+12
4.63382e+12
3.769864e+12
4.156138e+12
3.44439e+12
3.950381e+12
3.659342e+12
3.730511e+12
3.826773e+12
3.778712e+12
4.129122e+12
4.305175e+12
4.133017e+12
4.570344e+12
3.94233e+12
4.335978e+12
4.325664e+12
3.702184e+12
4.41531e+12
4.561942e+12
4.638283e+12
4.152416e+12
4.643175e+12
4.370977e+12
3.602658e+12
4.229474e+12
4.083861e+12
4.454729e+12
4.173075e+12
4.465388e+12
4.609467e+12
3.887989e+12
3.900308e+12
3.959674e+12
4.274945e+12
4.661901e+12
4.378428e+12
3.345887e+12
3.697546e+12
4.834382e+12
4.15717e+12
3.507102e+12
4.267415e+12
4.065414e+12
4.084502e+12
4.173199e+12
4.379367e+12
4.834973e+12
3.807975e+12
4.093585e+12
4.490872e+12
3.918918e+12
4.399959e+12
4.175694e+12
4.62747e+12
4.394811e+12
4.392607e+12
4.355708e+12
4.734588e+12
3.747959e+12
4.143499e+12
4.619882e+12
3.566544e+12
4.553199e+12
3.936557e+12
4.350157e+12
3.748012e+12
3.81785e+12
4.101852e+12
4.482756e+12
3.911694e+12
3.812386e+12
4.165758e+12
3.642602e+12
4.139599e+12
4.408032e+12
4.183485e+12
4.63573e+12
4.402783e+12
4.403691e+12
4.348294e+12
4.744634e+12
3.756104e+12
4.155199e+12
4.152444e+12
3.560254e+12
4.562672e+12
3.944909e+12
4.359324e+12
3.741561e+12
4.342933e+12
4.311819e+12
4.122025e+12
4.496211e+12
4.505741e+12
3.822803e+12
3.923664e+12
3.937191e+12
4.313995e+12
4.704325e+12
3.378172e+12
3.731918e+12
4.126994e+12
3.540172e+12
4.351503e+12
3.81663e+12
4.170375e+12
3.639314e+12
4.412074e+12
4.187386e+12
4.639865e+12
4.406775e+12
3.82578e+12
4.108485e+12
4.489969e+12
3.918115e+12
4.414501e+12
4.189728e+12
4.642347e+12
4.409172e+12
