3.829115e+12
3.978606e+12
3.957188e+12
3.416027e+12
3.564162e+12
3.638772e+12
4.157164e+12
4.955965e+12
4.222151e+12
3.78095e+12
4.195167e+12
4.356356e+12
4.730515e+12
4.888995e+12
4.011111e+12
4.223699e+12
4.168847e+12
4.050927e+12
3.696346e+12
3.633175e+12
4.95445e+12
3.820493e+12
4.366757e+12
4.55407e+12
4.084717e+12
3.029914e+12
4.224918e+12
4.086081e+12
4.909756e+12
4.163999e+12
4.62632e+12
3.163573e+12
4.70989e+12
3.519013e+12
3.711851e+12
3.953885e+12
4.901069e+12
4.723142e+12
4.820527e+12
5.148708e+12
3.900245e+12
4.541343e+12
4.608371e+12
4.558373e+12
3.457028e+12
4.855849e+12
3.270326e+12
4.880379e+12
4.015696e+12
4.131962e+12
3.217361e+12
4.321145e+12
4.177396e+12
3.611245e+12
3.739679e+12
4.217046e+12
4.574913e+12
3.629829e+12
3.847975e+12
4.898764e+12
4.905153e+12
4.539302e+12
4.700077e+12
3.624682e+12
4.465879e+12
4.706937e+12
4.903127e+12
4.02365e+12
3.616377e+12
4.128004e+12
4.241635e+12
3.749907e+12
4.434114e+12
4.371427e+12
4.09858e+12
3.860076e+12
4.967737e+12
4.251662e+12
4.567443e+12
4.322964e+12
4.238766e+12
3.906828e+12
4.650516e+12
4.052822e+12
3.757455e+12
4.334155e+12
4.613751e+12
4.118439e+12
3.870743e+12
3.571568e+12
4.829807e+12
4.257016e+12
3.519919e+12
3.687808e+12
3.806164e+12
4.231281e+12
4.360119e+12
4.935409e+12
4.889149e+12
4.283098e+12
4.574262e+12
4.659211e+12
4.702037e+12
4.513754e+12
4.865372e+12
3.942633e+12
4.763346e+12
3.823859e+12
3.710118e+12
4.421285e+12
4.415968e+12
4.048526e+12
4.239201e+12
4.90216e+12
4.002425e+12
4.294899e+12
3.063524e+12
4.654948e+12
3.490815e+12
4.71079e+12
3.575492e+12
4.115913e+12
4.904173e+12
4.496269e+12
3.700091e+12
3.342019e+12
3.71377e+12
3.910089e+12
4.215178e+12
4.541442e+12
3.844697e+12
3.518017e+12
3.684612e+12
4.273323e+12
3.462376e+12
4.382591e+12
3.385777e+12
4.438233e+12
4.752501e+12
3.968043e+12
4.46596e+12
4.139162e+12
4.480504e+12
4.417249e+12
4.108479e+12
3.650697e+12
4.262234e+12
4.76083e+12
3.639803e+12
4.194172e+12
4.025933e+12
3.99212e+12
3.838886e+12
4.707131e+12
4.674128e+12
3.573315e+12
4.486639e+12
4.504461e+12
4.356944e+12
4.028141e+12
3.561595e+12
4.520519e+12
3.779173e+12
4.963109e+12
3.990563e+12
4.021461e+12
3.937164e+12
3.963969e+12
3.734946e+12
3.526782e+12
4.125598e+12
4.204985e+12
4.956213e+12
4.282049e+12
4.420424e+12
4.23493e+12
4.306987e+12
4.865784e+12
4.111757e+12
3.556397e+12
3.913033e+12
3.294291e+12
3.741024e+12
4.025083e+12
4.450329e+12
3.955872e+12
3.710679e+12
4.263338e+12
4.68313e+12
3.919286e+12
3.876933e+12
4.74939e+12
4.100997e+12
3.650631e+12
3.870227e+12
3.913256e+12
4.514578e+12
3.239775e+12
3.514284e+12
3.780679e+12
4.626935e+12
3.8601e+12
3.584661e+12
4.801667e+12
4.556632e+12
4.53624e+12
4.607785e+12
4.170988e+12
4.126721e+12
4.04312e+12
4.477179e+12
4.477517e+12
4.032102e+12
4.307965e+12
3.465731e+12
4.185455e+12
4.829456e+12
4.704189e+12
4.654555e+12
3.888041e+12
4.333908e+12
3.320107e+12
3.402308e+12
3.760912e+12
4.270925e+12
4.382854e+12
3.871194e+12
4.129065e+12
3.740828e+12
4.270526e+12
3.196561e+12
3.828473e+12
4.040068e+12
4.471918e+12
3.740055e+12
4.113415e+12
4.500521e+12
4.54211e+12
3.85812e+12
4.507451e+12
4.322312e+12
3.165541e+12
4.955318e+12
3.342277e+12
4.09147e+12
4.748778e+12
4.255673e+12
4.488356e+12
4.380762e+12
4.485382e+12
4.226894e+12
4.105798e+12
3.584893e+12
4.702674e+12
3.419057e+12
4.793579e+12
3.948019e+12
4.069505e+12
4.229847e+12
3.828801e+12
4.457296e+12
4.427982e+12
4.257406e+12
4.292841e+12
4.4583e+12
5.071186e+12
3.829363e+12
3.921768e+12
3.813596e+12
4.925865e+12
5.161197e+12
4.923963e+12
4.342969e+12
3.476641e+12
3.937213e+12
4.227244e+12
3.393315e+12
4.248991e+12
4.026157e+12
4.677554e+12
3.624145e+12
4.032645e+12
4.384064e+12
4.489028e+12
3.969063e+12
3.813074e+12
3.487797e+12
4.44213e+12
3.825419e+12
3.768515e+12
4.930605e+12
3.469758e+12
4.037632e+12
3.324898e+12
4.699698e+12
4.398182e+12
4.14187e+12
4.712502e+12
4.858903e+12
4.347334e+12
3.693429e+12
4.803186e+12
4.198409e+12
4.47429e+12
3.854762e+12
4.248502e+12
4.405949e+12
3.823752e+12
4.48893e+12
4.628719e+12
3.809364e+12
4.662218e+12
4.193107e+12
3.393142e+12
4.716665e+12
4.026722e+12
4.241251e+12
4.021839e+12
4.658696e+12
4.390947e+12
4.180995e+12
3.662878e+12
4.002054e+12
4.262623e+12
4.568924e+12
4.28743e+12
4.654542e+12
3.596439e+12
4.688264e+12
4.250979e+12
4.03019e+12
4.366113e+12
4.652469e+12
4.00006e+12
4.336356e+12
3.787382e+12
4.351173e+12
3.797889e+12
4.046963e+12
3.622296e+12
4.634644e+12
4.62543e+12
3.95854e+12
4.196023e+12
3.73758e+12
4.22144e+12
3.690009e+12
4.130312e+12
4.398177e+12
3.891736e+12
3.566198e+12
4.12481e+12
4.190297e+12
4.342391e+12
3.69349e+12
3.79428e+12
4.46329e+12
4.338132e+12
4.113478e+12
4.726695e+12
3.350443e+12
3.60949e+12
4.562069e+12
4.588788e+12
3.870921e+12
4.075625e+12
4.087408e+12
3.766814e+12
4.756137e+12
3.938877e+12
4.295144e+12
4.370458e+12
4.310548e+12
4.789775e+12
4.531946e+12
3.874804e+12
4.215044e+12
3.962986e+12
4.588774e+12
4.48231e+12
3.63181e+12
4.926127e+12
4.281489e+12
4.199566e+12
4.687166e+12
4.258811e+12
3.302673e+12
4.491951e+12
4.612633e+12
4.449315e+12
4.40675e+12
4.322459e+12
4.521879e+12
3.887499e+12
4.41469e+12
3.796287e+12
4.415377e+12
4.419337e+12
4.460241e+12
4.313627e+12
3.932174e+12
4.023505e+12
4.406613e+12
4.712745e+12
3.547936e+12
3.945119e+12
4.152737e+12
3.469908e+12
4.222442e+12
3.953171e+12
4.040281e+12
3.309628e+12
4.367415e+12
3.624531e+12
3.367693e+12
4.230304e+12
3.658941e+12
4.076573e+12
4.006971e+12
4.041271e+12
4.363625e+12
3.907692e+12
3.984691e+12
4.538716e+12
4.72028e+12
4.827092e+12
4.355145e+12
4.269932e+12
4.725599e+12
3.800534e+12
4.760456e+12
4.007285e+12
4.363939e+12
3.49445e+12
4.795717e+12
3.472461e+12
3.986831e+12
4.343241e+12
3.673983e+12
3.43222e+12
3.474908e+12
4.065479e+12
4.460664e+12
4.024389e+12
3.598076e+12
4.26638e+12
3.483525e+12
4.163331e+12
3.67691e+12
3.616825e+12
3.213701e+12
3.085383e+12
4.118675e+12
4.184406e+12
4.638932e+12
3.773215e+12
4.159012e+12
3.447477e+12
3.952179e+12
3.661389e+12
3.732848e+12
3.829117e+12
3.78243e+12
4.132446e+12
4.30866e+12
4.137229e+12
4.574857e+12
3.947121e+12
4.340929e+12
4.330006e+12
3.706799e+12
4.4202e+12
4.566982e+12
4.641539e+12
4.157111e+12
4.648141e+12
4.375739e+12
3.606216e+12
4.233325e+12
4.087369e+12
4.45779e+12
4.177579e+12
4.469174e+12
4.613464e+12
3.89203e+12
3.90362e+12
3.96395e+12
4.278525e+12
4.665019e+12
4.383004e+12
3.349449e+12
3.701381e+12
4.838434e+12
4.161506e+12
3.510731e+12
4.271118e+12
4.068597e+12
4.087875e+12
4.17644e+12
4.383566e+12
4.839372e+12
3.810319e+12
4.097746e+12
4.494618e+12
3.922917e+12
4.404862e+12
4.180367e+12
4.632452e+12
4.399547e+12
4.397652e+12
4.359621e+12
4.738047e+12
3.752144e+12
4.147222e+12
4.625011e+12
3.570524e+12
4.557204e+12
3.940831e+12
4.353953e+12
3.752068e+12
3.820194e+12
4.106013e+12
4.486503e+12
3.915693e+12
3.816107e+12
4.16908e+12
3.646162e+12
4.144083e+12
4.412927e+12
4.18815e+12
4.640703e+12
4.40751e+12
4.407856e+12
4.35221e+12
4.748087e+12
3.760285e+12
4.159676e+12
4.156162e+12
3.564237e+12
4.566672e+12
3.949179e+12
4.363113e+12
3.745621e+12
4.346416e+12
4.315506e+12
4.125515e+12
4.499248e+12
4.509509e+12
3.825147e+12
3.927691e+12
3.940483e+12
4.317553e+12
4.707416e+12
3.381718e+12
3.735736e+12
4.13034e+12
3.543781e+12
4.354985e+12
3.820351e+12
4.173697e+12
3.642875e+12
4.416966e+12
4.192047e+12
4.644834e+12
4.411498e+12
3.828124e+12
4.112647e+12
4.493715e+12
3.922113e+12
4.419391e+12
4.194387e+12
4.647314e+12
4.413892e+12
