4.836363e+12
4.661144e+12
5.04536e+12
4.009088e+12
5.086533e+12
4.726911e+12
5.435849e+12
5.970951e+12
6.127355e+12
4.845594e+12
5.680505e+12
5.409237e+12
5.810798e+12
6.503177e+12
5.042371e+12
5.202101e+12
5.088909e+12
5.487563e+12
4.401395e+12
4.23294e+12
6.252725e+12
4.717136e+12
5.9943e+12
5.659763e+12
4.870826e+12
3.818611e+12
5.556508e+12
4.829067e+12
6.11586e+12
5.260264e+12
5.988927e+12
3.790155e+12
6.150663e+12
4.36726e+12
4.496889e+12
4.877882e+12
6.080087e+12
6.008667e+12
6.533549e+12
6.328535e+12
4.626362e+12
5.434667e+12
6.078034e+12
5.963904e+12
4.67994e+12
6.498864e+12
4.103072e+12
6.713136e+12
4.981916e+12
4.876454e+12
4.172366e+12
5.36659e+12
5.424579e+12
4.476088e+12
4.898236e+12
5.864519e+12
5.68373e+12
5.010802e+12
5.104902e+12
6.17938e+12
6.351777e+12
5.602385e+12
5.789659e+12
4.594813e+12
5.726638e+12
5.513892e+12
5.937024e+12
5.057953e+12
4.532805e+12
5.132698e+12
5.084977e+12
4.821972e+12
5.945143e+12
5.585029e+12
5.238736e+12
4.768525e+12
6.211961e+12
5.243728e+12
5.364632e+12
6.20186e+12
4.945242e+12
4.867588e+12
5.85387e+12
5.074853e+12
4.516146e+12
5.09913e+12
6.047619e+12
5.522836e+12
5.078809e+12
4.206972e+12
6.096192e+12
5.502526e+12
4.433889e+12
4.843264e+12
4.567169e+12
5.516268e+12
5.643642e+12
6.189679e+12
6.030935e+12
5.661179e+12
6.163219e+12
6.325064e+12
5.856567e+12
5.563018e+12
6.354382e+12
5.256689e+12
6.153299e+12
5.124075e+12
4.386011e+12
6.024534e+12
6.248063e+12
4.987158e+12
5.031803e+12
5.829991e+12
5.173439e+12
5.191301e+12
3.674618e+12
6.125096e+12
4.710792e+12
5.911406e+12
4.718392e+12
5.161731e+12
6.139629e+12
5.53525e+12
5.144141e+12
4.250163e+12
4.431273e+12
4.525852e+12
5.429578e+12
5.745125e+12
4.864744e+12
4.999967e+12
4.58864e+12
5.627077e+12
4.463983e+12
5.477549e+12
4.661356e+12
5.487583e+12
6.121555e+12
5.300476e+12
5.606747e+12
5.062492e+12
5.755267e+12
5.501115e+12
4.939002e+12
4.308694e+12
5.379061e+12
6.343819e+12
4.525787e+12
5.6399e+12
5.060921e+12
5.12362e+12
5.018403e+12
5.729771e+12
6.180852e+12
4.487884e+12
5.836856e+12
6.19447e+12
5.388196e+12
5.006513e+12
4.479446e+12
5.677624e+12
4.911937e+12
6.188902e+12
5.191525e+12
5.06488e+12
4.618721e+12
5.047503e+12
4.679152e+12
4.438282e+12
5.692013e+12
5.241783e+12
5.836161e+12
5.061119e+12
5.812663e+12
5.538274e+12
5.642555e+12
6.558263e+12
5.86046e+12
4.798147e+12
5.029673e+12
4.164854e+12
4.727547e+12
4.983179e+12
5.289573e+12
5.327162e+12
4.881815e+12
5.823513e+12
6.129711e+12
4.697636e+12
4.902024e+12
5.988751e+12
5.279815e+12
4.521619e+12
4.848888e+12
4.622903e+12
6.1333e+12
3.841853e+12
4.239643e+12
4.478086e+12
5.503516e+12
4.771119e+12
4.284251e+12
6.437341e+12
6.362544e+12
5.823929e+12
6.148348e+12
5.231649e+12
4.898383e+12
5.289532e+12
5.549441e+12
5.732208e+12
5.27393e+12
5.130632e+12
4.53321e+12
5.193128e+12
5.951123e+12
5.93407e+12
5.738049e+12
4.789527e+12
5.23392e+12
3.93775e+12
4.047532e+12
4.451486e+12
5.293158e+12
5.907039e+12
5.126667e+12
5.346784e+12
4.366412e+12
5.349923e+12
3.983732e+12
4.819541e+12
5.031634e+12
5.66801e+12
5.116122e+12
4.785956e+12
5.58036e+12
5.686254e+12
5.195001e+12
5.322262e+12
5.612287e+12
4.014046e+12
6.502155e+12
4.190653e+12
4.990414e+12
5.635414e+12
5.52329e+12
5.84987e+12
5.818923e+12
5.998925e+12
5.200434e+12
4.893883e+12
5.005746e+12
5.638361e+12
4.458247e+12
6.212574e+12
4.876018e+12
4.785802e+12
5.276232e+12
4.700002e+12
5.771505e+12
5.547376e+12
5.327222e+12
5.334364e+12
5.228354e+12
6.431508e+12
4.797671e+12
4.672606e+12
4.463336e+12
6.017208e+12
6.417227e+12
6.156289e+12
5.798595e+12
4.085345e+12
4.625681e+12
5.345502e+12
4.525458e+12
5.500284e+12
4.99856e+12
5.818841e+12
4.33049e+12
5.053884e+12
5.852971e+12
5.511464e+12
4.721812e+12
4.853528e+12
4.154051e+12
5.642518e+12
4.796686e+12
4.694421e+12
6.110229e+12
4.483641e+12
5.105004e+12
3.999408e+12
5.736137e+12
5.205192e+12
5.626615e+12
5.891923e+12
6.065222e+12
6.027687e+12
4.603403e+12
5.670751e+12
5.775017e+12
5.562111e+12
4.520582e+12
5.334562e+12
5.241437e+12
4.929037e+12
6.072417e+12
5.749249e+12
5.385396e+12
6.397975e+12
5.482078e+12
4.257782e+12
5.938483e+12
4.933646e+12
5.018421e+12
5.361327e+12
6.164629e+12
5.688441e+12
5.388277e+12
4.563347e+12
5.584131e+12
5.519496e+12
5.661793e+12
5.13493e+12
6.376126e+12
4.710894e+12
6.125423e+12
5.516161e+12
4.939735e+12
5.398151e+12
6.058638e+12
5.481922e+12
5.790368e+12
4.706995e+12
5.598196e+12
4.876071e+12
5.025494e+12
4.857388e+12
6.16136e+12
6.098049e+12
4.991364e+12
5.229535e+12
5.064677e+12
5.330516e+12
4.602504e+12
5.632275e+12
5.507123e+12
4.833155e+12
4.551054e+12
5.449622e+12
5.223074e+12
5.455712e+12
4.672281e+12
4.917257e+12
5.810343e+12
5.701821e+12
5.249222e+12
6.100632e+12
4.30769e+12
4.654998e+12
5.924803e+12
5.894804e+12
5.333832e+12
5.327738e+12
5.202567e+12
5.048792e+12
6.427122e+12
5.075336e+12
5.518215e+12
5.939937e+12
5.822732e+12
6.253262e+12
5.687952e+12
5.113485e+12
5.720232e+12
5.175353e+12
6.123441e+12
5.915457e+12
4.70464e+12
6.165357e+12
5.701204e+12
5.255234e+12
5.842746e+12
5.595828e+12
4.300583e+12
5.987919e+12
6.232733e+12
6.010836e+12
5.560357e+12
5.919316e+12
6.287991e+12
5.125217e+12
6.002022e+12
5.114321e+12
5.686689e+12
5.873426e+12
5.817496e+12
5.81277e+12
5.330106e+12
5.772397e+12
5.928062e+12
6.508525e+12
4.902138e+12
5.427913e+12
5.531342e+12
4.695686e+12
5.585758e+12
5.345388e+12
5.390379e+12
4.461939e+12
5.706015e+12
4.928166e+12
4.578893e+12
5.668818e+12
4.900294e+12
5.401815e+12
4.878384e+12
5.46421e+12
5.371511e+12
5.015541e+12
4.903541e+12
6.009778e+12
5.864637e+12
6.494411e+12
5.417017e+12
5.606078e+12
5.930493e+12
4.718173e+12
6.337182e+12
5.014746e+12
5.507871e+12
4.639e+12
6.367973e+12
4.343237e+12
5.046281e+12
6.038773e+12
4.899231e+12
4.347437e+12
4.845952e+12
5.334887e+12
5.916876e+12
5.340292e+12
4.613374e+12
5.708656e+12
4.443015e+12
5.631521e+12
4.918447e+12
4.686648e+12
4.120429e+12
3.990696e+12
5.476485e+12
5.789215e+12
6.239345e+12
5.218892e+12
5.814541e+12
4.805718e+12
5.618843e+12
5.216033e+12
4.732133e+12
4.964504e+12
4.826217e+12
5.311273e+12
5.491129e+12
5.371241e+12
5.923424e+12
5.115645e+12
5.714109e+12
5.609931e+12
4.815676e+12
5.926954e+12
6.039456e+12
6.264604e+12
5.577016e+12
6.260381e+12
5.894758e+12
4.646361e+12
5.74735e+12
5.51442e+12
6.064674e+12
5.616797e+12
6.006734e+12
6.260571e+12
5.220471e+12
5.31449e+12
5.382958e+12
5.797372e+12
6.374274e+12
5.917619e+12
4.564305e+12
5.01111e+12
6.593746e+12
5.672772e+12
4.801748e+12
5.71435e+12
5.899735e+12
5.588011e+12
5.997909e+12
6.15323e+12
6.485073e+12
4.917433e+12
5.20989e+12
5.775548e+12
5.05353e+12
5.884421e+12
5.639777e+12
6.2163e+12
5.959834e+12
5.890022e+12
5.844393e+12
6.376676e+12
5.009331e+12
5.587412e+12
6.200858e+12
4.83592e+12
6.115669e+12
5.28619e+12
5.894156e+12
5.10388e+12
4.94205e+12
5.230475e+12
5.75489e+12
5.035424e+12
4.909668e+12
5.403233e+12
4.745599e+12
5.507703e+12
5.906704e+12
5.661117e+12
6.239398e+12
5.981943e+12
6.224089e+12
5.823921e+12
6.404572e+12
5.031155e+12
5.550444e+12
5.611806e+12
4.819039e+12
6.141969e+12
5.308853e+12
5.919479e+12
5.086364e+12
5.58599e+12
5.836637e+12
5.618879e+12
6.179718e+12
6.11892e+12
4.954489e+12
5.317654e+12
5.415026e+12
5.905466e+12
6.493279e+12
4.650335e+12
5.1042e+12
5.705332e+12
4.890747e+12
5.608018e+12
4.920401e+12
5.415061e+12
4.737267e+12
5.917931e+12
5.671867e+12
6.251033e+12
5.993077e+12
4.961995e+12
5.247129e+12
5.773241e+12
5.051508e+12
5.924695e+12
5.678343e+12
6.258041e+12
5.999783e+12
