3.777317e+12
4.100572e+12
3.939665e+12
3.347807e+12
3.522612e+12
3.694881e+12
3.955011e+12
5.179233e+12
4.079213e+12
3.840574e+12
4.223627e+12
4.364735e+12
4.687933e+12
5.020064e+12
4.101696e+12
4.113276e+12
3.873188e+12
3.948146e+12
3.811108e+12
3.529993e+12
4.99656e+12
3.829883e+12
4.197749e+12
4.692929e+12
4.170999e+12
2.938965e+12
3.996323e+12
4.1277e+12
4.814892e+12
4.092956e+12
4.671792e+12
3.167679e+12
4.838283e+12
3.394507e+12
3.775048e+12
4.028267e+12
5.04847e+12
4.821365e+12
4.829353e+12
5.131538e+12
4.003131e+12
4.645331e+12
4.48039e+12
4.47326e+12
3.438818e+12
4.86146e+12
3.233616e+12
4.957863e+12
4.047701e+12
4.111192e+12
3.165899e+12
4.496019e+12
4.2915e+12
3.475424e+12
3.788999e+12
4.204248e+12
4.559763e+12
3.453274e+12
3.701054e+12
4.948535e+12
4.928397e+12
4.34404e+12
4.593876e+12
3.632414e+12
4.355815e+12
4.727619e+12
4.845125e+12
4.02485e+12
3.461685e+12
4.217381e+12
4.398512e+12
3.691817e+12
4.374277e+12
4.343182e+12
4.052964e+12
3.730316e+12
5.114631e+12
4.217742e+12
4.685459e+12
4.271726e+12
4.270922e+12
3.957583e+12
4.693731e+12
4.046891e+12
3.865535e+12
4.279619e+12
4.646888e+12
4.10877e+12
3.795646e+12
3.588594e+12
4.985512e+12
4.371348e+12
3.528014e+12
3.629118e+12
3.859443e+12
4.268661e+12
4.256882e+12
5.014199e+12
4.939755e+12
4.358431e+12
4.584572e+12
4.747321e+12
4.772507e+12
4.649362e+12
4.784296e+12
3.895741e+12
4.792537e+12
3.699312e+12
3.775163e+12
4.359216e+12
4.38431e+12
3.974694e+12
4.417657e+12
5.072637e+12
3.920034e+12
4.162694e+12
3.068564e+12
4.49805e+12
3.417426e+12
4.762306e+12
3.424888e+12
4.08569e+12
4.991766e+12
4.525734e+12
3.636328e+12
3.22145e+12
3.735535e+12
3.856385e+12
4.339e+12
4.540557e+12
3.952696e+12
3.461204e+12
3.683608e+12
4.179325e+12
3.410102e+12
4.518068e+12
3.325077e+12
4.314831e+12
4.83198e+12
3.870436e+12
4.599446e+12
4.166901e+12
4.512596e+12
4.505118e+12
4.24232e+12
3.585194e+12
4.340253e+12
4.839718e+12
3.696259e+12
4.259515e+12
4.084788e+12
3.894415e+12
3.664401e+12
4.560071e+12
4.637097e+12
3.525681e+12
4.478627e+12
4.566245e+12
4.273259e+12
4.146027e+12
3.46559e+12
4.567792e+12
3.80923e+12
4.958305e+12
4.044637e+12
3.985589e+12
3.923977e+12
3.834489e+12
3.74067e+12
3.481907e+12
4.128713e+12
4.092428e+12
4.981711e+12
4.360526e+12
4.397567e+12
4.172628e+12
4.166244e+12
4.990362e+12
4.091891e+12
3.536342e+12
3.924828e+12
3.191708e+12
3.762763e+12
4.109838e+12
4.511315e+12
3.890121e+12
3.593613e+12
4.238163e+12
4.65287e+12
3.943238e+12
3.977571e+12
4.870108e+12
4.2238e+12
3.457138e+12
3.840994e+12
3.897302e+12
4.426791e+12
3.208186e+12
3.573769e+12
3.79011e+12
4.797075e+12
3.789902e+12
3.644735e+12
4.825708e+12
4.540364e+12
4.629889e+12
4.591208e+12
4.069705e+12
4.111428e+12
4.080457e+12
4.441431e+12
4.652902e+12
4.018031e+12
4.404086e+12
3.454086e+12
4.042746e+12
4.784827e+12
4.845199e+12
4.697269e+12
3.843304e+12
4.477141e+12
3.28845e+12
3.454698e+12
3.784356e+12
4.217951e+12
4.398309e+12
3.702728e+12
4.12634e+12
3.722489e+12
4.320156e+12
3.063169e+12
3.877433e+12
4.047588e+12
4.568121e+12
3.63214e+12
4.063599e+12
4.504044e+12
4.495641e+12
3.860711e+12
4.565853e+12
4.392114e+12
3.122224e+12
5.090443e+12
3.258366e+12
4.002999e+12
4.813521e+12
4.330226e+12
4.566443e+12
4.365728e+12
4.439641e+12
4.108278e+12
4.220905e+12
3.450814e+12
4.910871e+12
3.406567e+12
4.651364e+12
4.016768e+12
4.137026e+12
4.15021e+12
3.589852e+12
4.341645e+12
4.467584e+12
4.264831e+12
4.366039e+12
4.500148e+12
5.237252e+12
3.900443e+12
3.996618e+12
3.711067e+12
4.770867e+12
5.19119e+12
5.021799e+12
4.350507e+12
3.409222e+12
3.910881e+12
4.308963e+12
3.289636e+12
4.186923e+12
3.949657e+12
4.769601e+12
3.669339e+12
4.104777e+12
4.45184e+12
4.389011e+12
3.985317e+12
3.820968e+12
3.45932e+12
4.52911e+12
3.791036e+12
3.877967e+12
4.960478e+12
3.446173e+12
4.088232e+12
3.333445e+12
4.685429e+12
4.551563e+12
4.178116e+12
4.789418e+12
4.858352e+12
4.221888e+12
3.606112e+12
4.936696e+12
4.185187e+12
4.416885e+12
3.8864e+12
4.239895e+12
4.529595e+12
3.842795e+12
4.412672e+12
4.626206e+12
3.711835e+12
4.626596e+12
4.252489e+12
3.304364e+12
4.76173e+12
3.854521e+12
4.29177e+12
4.07151e+12
4.779572e+12
4.407554e+12
4.193909e+12
3.708705e+12
3.929842e+12
4.255784e+12
4.665326e+12
4.385441e+12
4.727732e+12
3.584284e+12
4.759505e+12
4.326801e+12
3.920847e+12
4.346677e+12
4.577905e+12
3.987964e+12
4.369727e+12
3.642581e+12
4.428442e+12
3.707687e+12
3.977135e+12
3.564618e+12
4.522783e+12
4.598006e+12
3.895853e+12
4.215732e+12
3.717465e+12
4.28748e+12
3.658958e+12
4.08713e+12
4.423621e+12
3.857682e+12
3.62398e+12
4.030993e+12
4.149054e+12
4.304921e+12
3.704852e+12
3.73935e+12
4.431212e+12
4.450652e+12
4.182853e+12
4.759112e+12
3.262959e+12
3.55584e+12
4.682707e+12
4.56262e+12
3.762084e+12
3.971587e+12
4.20147e+12
3.702856e+12
4.877126e+12
3.931097e+12
4.253141e+12
4.425578e+12
4.223856e+12
4.920693e+12
4.641562e+12
3.814542e+12
4.155963e+12
3.999539e+12
4.607737e+12
4.495826e+12
3.580887e+12
5.006249e+12
4.338781e+12
4.247723e+12
4.691997e+12
4.296833e+12
3.288235e+12
4.501846e+12
4.681035e+12
4.527123e+12
4.582089e+12
4.280069e+12
4.530537e+12
3.761219e+12
4.443447e+12
3.739673e+12
4.452093e+12
4.335717e+12
4.544992e+12
4.308878e+12
3.778863e+12
3.889301e+12
4.468308e+12
4.781275e+12
3.485417e+12
3.945661e+12
4.042716e+12
3.411709e+12
4.139567e+12
3.982971e+12
4.000139e+12
3.253113e+12
4.499554e+12
3.60891e+12
3.328158e+12
4.191045e+12
3.556382e+12
4.128723e+12
3.722567e+12
4.046372e+12
4.175461e+12
4.014174e+12
3.73602e+12
4.503336e+12
4.628355e+12
4.854652e+12
4.206872e+12
4.279968e+12
4.677724e+12
3.598853e+12
4.726742e+12
3.910032e+12
4.362926e+12
3.477874e+12
4.921985e+12
3.324423e+12
3.932537e+12
4.31449e+12
3.657497e+12
3.324518e+12
3.434357e+12
3.846698e+12
4.354079e+12
3.847818e+12
3.53975e+12
4.210109e+12
3.360019e+12
4.213398e+12
3.558757e+12
3.594757e+12
3.127873e+12
3.034296e+12
4.151585e+12
4.063795e+12
4.707759e+12
3.589052e+12
4.083649e+12
3.31932e+12
3.930411e+12
3.604258e+12
3.791582e+12
3.889458e+12
3.802877e+12
4.246588e+12
4.386344e+12
4.259071e+12
4.667059e+12
3.956504e+12
4.328661e+12
4.463169e+12
3.758108e+12
4.402448e+12
4.55328e+12
4.660031e+12
4.187772e+12
4.628754e+12
4.406771e+12
3.663121e+12
4.297862e+12
4.045642e+12
4.519529e+12
4.120969e+12
4.383374e+12
4.687516e+12
3.741772e+12
3.90514e+12
3.953832e+12
4.237623e+12
4.733474e+12
4.323482e+12
3.290752e+12
3.596021e+12
4.9168e+12
4.150319e+12
3.450271e+12
4.186143e+12
3.932676e+12
4.091873e+12
4.035247e+12
4.353153e+12
4.964576e+12
3.8704e+12
4.167687e+12
4.669978e+12
4.028999e+12
4.388164e+12
4.209679e+12
4.614152e+12
4.429182e+12
4.464614e+12
4.366584e+12
4.859015e+12
3.689171e+12
4.197678e+12
4.69468e+12
3.54967e+12
4.568107e+12
3.8761e+12
4.409472e+12
3.731127e+12
3.880414e+12
4.175659e+12
4.661877e+12
4.021966e+12
3.835418e+12
4.283199e+12
3.702082e+12
4.034735e+12
4.395675e+12
4.217013e+12
4.62183e+12
4.436683e+12
4.376502e+12
4.35943e+12
4.869066e+12
3.696766e+12
4.049114e+12
4.206402e+12
3.543739e+12
4.577246e+12
3.883882e+12
4.418411e+12
3.725048e+12
4.423736e+12
4.228598e+12
4.082495e+12
4.561026e+12
4.421943e+12
3.885435e+12
3.774721e+12
3.941134e+12
4.275328e+12
4.775935e+12
3.321242e+12
3.628106e+12
4.133346e+12
3.481492e+12
4.432212e+12
3.839514e+12
4.287808e+12
3.698879e+12
4.399436e+12
4.220686e+12
4.625675e+12
4.440439e+12
3.888452e+12
4.182053e+12
4.669077e+12
4.028216e+12
4.401695e+12
4.222892e+12
4.627984e+12
4.442695e+12
