3.804107e+12
3.948955e+12
3.920286e+12
3.389762e+12
3.543399e+12
3.610409e+12
4.127562e+12
4.916091e+12
4.195583e+12
3.754492e+12
4.160168e+12
4.3278e+12
4.691636e+12
4.853324e+12
3.974776e+12
4.194764e+12
4.142958e+12
4.016769e+12
3.665743e+12
3.607776e+12
4.913775e+12
3.79358e+12
4.340598e+12
4.516369e+12
4.05609e+12
3.008745e+12
4.198511e+12
4.055372e+12
4.879868e+12
4.128317e+12
4.595706e+12
3.140382e+12
4.671661e+12
3.493855e+12
3.680294e+12
3.921556e+12
4.864655e+12
4.680895e+12
4.781776e+12
5.111089e+12
3.870816e+12
4.504319e+12
4.577473e+12
4.526317e+12
3.432667e+12
4.825959e+12
3.247461e+12
4.843701e+12
3.984815e+12
4.103363e+12
3.197506e+12
4.286222e+12
4.145706e+12
3.582589e+12
3.707433e+12
4.190594e+12
4.543812e+12
3.606775e+12
3.820965e+12
4.868408e+12
4.868722e+12
4.511413e+12
4.665002e+12
3.595714e+12
4.432166e+12
4.669324e+12
4.867155e+12
3.997305e+12
3.592663e+12
4.099083e+12
4.209566e+12
3.727672e+12
4.406344e+12
4.339277e+12
4.071108e+12
3.834987e+12
4.927199e+12
4.21669e+12
4.534006e+12
4.295234e+12
4.207564e+12
3.873422e+12
4.615252e+12
4.021451e+12
3.728483e+12
4.298674e+12
4.5752e+12
4.09071e+12
3.836897e+12
3.544374e+12
4.793476e+12
4.222173e+12
3.494468e+12
3.659506e+12
3.779112e+12
4.195254e+12
4.323191e+12
4.898789e+12
4.850005e+12
4.244573e+12
4.540621e+12
4.628337e+12
4.670057e+12
4.479576e+12
4.8292e+12
3.916643e+12
4.723567e+12
3.79889e+12
3.68375e+12
4.387383e+12
4.382117e+12
4.021863e+12
4.20494e+12
4.863024e+12
3.967475e+12
4.262605e+12
3.039137e+12
4.626418e+12
3.470482e+12
4.668852e+12
3.551539e+12
4.078433e+12
4.861301e+12
4.462455e+12
3.676114e+12
3.321874e+12
3.682603e+12
3.881122e+12
4.17511e+12
4.513005e+12
3.812911e+12
3.496776e+12
3.655556e+12
4.236774e+12
3.438218e+12
4.349247e+12
3.360918e+12
4.404505e+12
4.717906e+12
3.941315e+12
4.429397e+12
4.107489e+12
4.441266e+12
4.37805e+12
4.074559e+12
3.624912e+12
4.2302e+12
4.718472e+12
3.614145e+12
4.161838e+12
3.997602e+12
3.962021e+12
3.810482e+12
4.672226e+12
4.644755e+12
3.541875e+12
4.449649e+12
4.473572e+12
4.329268e+12
3.994969e+12
3.532987e+12
4.491585e+12
3.753039e+12
4.922459e+12
3.960316e+12
3.990007e+12
3.907649e+12
3.937409e+12
3.709553e+12
3.503025e+12
4.096712e+12
4.169176e+12
4.916573e+12
4.250223e+12
4.386699e+12
4.20369e+12
4.279651e+12
4.826561e+12
4.087955e+12
3.528652e+12
3.879757e+12
3.271957e+12
3.712235e+12
3.989013e+12
4.419688e+12
3.925795e+12
3.680968e+12
4.230382e+12
4.648991e+12
3.886421e+12
3.847357e+12
4.716931e+12
4.066741e+12
3.626889e+12
3.842904e+12
3.880859e+12
4.484044e+12
3.214449e+12
3.484348e+12
3.754034e+12
4.592797e+12
3.83311e+12
3.557024e+12
4.769323e+12
4.529136e+12
4.49882e+12
4.570017e+12
4.14455e+12
4.092548e+12
4.009162e+12
4.440405e+12
4.441531e+12
4.00062e+12
4.272814e+12
3.44127e+12
4.159039e+12
4.793566e+12
4.66581e+12
4.613692e+12
3.857905e+12
4.298192e+12
3.29618e+12
3.376e+12
3.732336e+12
4.238376e+12
4.346871e+12
3.846134e+12
4.101178e+12
3.712748e+12
4.234537e+12
3.174726e+12
3.796082e+12
4.006386e+12
4.431706e+12
3.713426e+12
4.082962e+12
4.463087e+12
4.513723e+12
3.830713e+12
4.471069e+12
4.288985e+12
3.141995e+12
4.91529e+12
3.317925e+12
4.060255e+12
4.710446e+12
4.226894e+12
4.448735e+12
4.344691e+12
4.455881e+12
4.194685e+12
4.074911e+12
3.561882e+12
4.664769e+12
3.392206e+12
4.760476e+12
3.917343e+12
4.03919e+12
4.197256e+12
3.804355e+12
4.425045e+12
4.394252e+12
4.221998e+12
4.260105e+12
4.425536e+12
5.033248e+12
3.799455e+12
3.891927e+12
3.787038e+12
4.889559e+12
5.123346e+12
4.884217e+12
4.310817e+12
3.451978e+12
3.909832e+12
4.194595e+12
3.370035e+12
4.216393e+12
3.995028e+12
4.639701e+12
3.598236e+12
3.999758e+12
4.345408e+12
4.455301e+12
3.941237e+12
3.782758e+12
3.462787e+12
4.408003e+12
3.795371e+12
3.737277e+12
4.894163e+12
3.448578e+12
4.003591e+12
3.300661e+12
4.664805e+12
4.365632e+12
4.11377e+12
4.677238e+12
4.822501e+12
4.321178e+12
3.669006e+12
4.76811e+12
4.165661e+12
4.440445e+12
3.827728e+12
4.215888e+12
4.37301e+12
3.794432e+12
4.454852e+12
4.593909e+12
3.787161e+12
4.627133e+12
4.161496e+12
3.365663e+12
4.677603e+12
4.000969e+12
4.211888e+12
3.993518e+12
4.624496e+12
4.358335e+12
4.149796e+12
3.636667e+12
3.977075e+12
4.227349e+12
4.534606e+12
4.257562e+12
4.619289e+12
3.568343e+12
4.652949e+12
4.2133e+12
4.002432e+12
4.336244e+12
4.61754e+12
3.968624e+12
4.30024e+12
3.757544e+12
4.318598e+12
3.772029e+12
4.018834e+12
3.597263e+12
4.606154e+12
4.590511e+12
3.924319e+12
4.166923e+12
3.708598e+12
4.191952e+12
3.663789e+12
4.101659e+12
4.367882e+12
3.865708e+12
3.538311e+12
4.098147e+12
4.163286e+12
4.303191e+12
3.666973e+12
3.765182e+12
4.430605e+12
4.302719e+12
4.080031e+12
4.685423e+12
3.330145e+12
3.581687e+12
4.528425e+12
4.555175e+12
3.846374e+12
4.045026e+12
4.056277e+12
3.738021e+12
4.721396e+12
3.912073e+12
4.266557e+12
4.337823e+12
4.281138e+12
4.75465e+12
4.500736e+12
3.84521e+12
4.182506e+12
3.935798e+12
4.557592e+12
4.449175e+12
3.60665e+12
4.892861e+12
4.249359e+12
4.171645e+12
4.657566e+12
4.223212e+12
3.279183e+12
4.463251e+12
4.581103e+12
4.41956e+12
4.371239e+12
4.292737e+12
4.484987e+12
3.85669e+12
4.378069e+12
3.770259e+12
4.385929e+12
4.389254e+12
4.430326e+12
4.284826e+12
3.904733e+12
3.997623e+12
4.376212e+12
4.680742e+12
3.522119e+12
3.917245e+12
4.121695e+12
3.444527e+12
4.193472e+12
3.926113e+12
4.012092e+12
3.285213e+12
4.331009e+12
3.599204e+12
3.347731e+12
4.201034e+12
3.632746e+12
4.045799e+12
3.981821e+12
4.012815e+12
4.336505e+12
3.875461e+12
3.959526e+12
4.505606e+12
4.69119e+12
4.790969e+12
4.327981e+12
4.238202e+12
4.696437e+12
3.776095e+12
4.725902e+12
3.981573e+12
4.336257e+12
3.467103e+12
4.756934e+12
3.449423e+12
3.961119e+12
4.309808e+12
3.645394e+12
3.409232e+12
3.4545e+12
4.039715e+12
4.432837e+12
3.9987e+12
3.576465e+12
4.239255e+12
3.462784e+12
4.132043e+12
3.652552e+12
3.595033e+12
3.193987e+12
3.0661e+12
4.084193e+12
4.158836e+12
4.59826e+12
3.749602e+12
4.133457e+12
3.425014e+12
3.928941e+12
3.639614e+12
3.70666e+12
3.802394e+12
3.753373e+12
4.101034e+12
4.276342e+12
4.102716e+12
4.537176e+12
3.9136e+12
4.305123e+12
4.293857e+12
3.674795e+12
4.383872e+12
4.52947e+12
4.6101e+12
4.122367e+12
4.610123e+12
4.339368e+12
3.578066e+12
4.200747e+12
4.058935e+12
4.427132e+12
4.145263e+12
4.438852e+12
4.578443e+12
3.864793e+12
3.875966e+12
3.932737e+12
4.249016e+12
4.633238e+12
4.349318e+12
3.324801e+12
3.674956e+12
4.801979e+12
4.128974e+12
3.48512e+12
4.241903e+12
4.042544e+12
4.059179e+12
4.150029e+12
4.349899e+12
4.800313e+12
3.783699e+12
4.064408e+12
4.458519e+12
3.89058e+12
4.368634e+12
4.145466e+12
4.59453e+12
4.363023e+12
4.358899e+12
4.327375e+12
4.703404e+12
3.723441e+12
4.116028e+12
4.584433e+12
3.54269e+12
4.523656e+12
3.910843e+12
4.32141e+12
3.722997e+12
3.793519e+12
4.072618e+12
4.450459e+12
3.883405e+12
3.786836e+12
4.137442e+12
3.617752e+12
4.113089e+12
4.376647e+12
4.153197e+12
4.60273e+12
4.370936e+12
4.374052e+12
4.320006e+12
4.713389e+12
3.731533e+12
4.128594e+12
4.124916e+12
3.536443e+12
4.533072e+12
3.919142e+12
4.33052e+12
3.71659e+12
4.313869e+12
4.286072e+12
4.096886e+12
4.468384e+12
4.478998e+12
3.798445e+12
3.900273e+12
3.912634e+12
4.287855e+12
4.675437e+12
3.356883e+12
3.70913e+12
4.10143e+12
3.517987e+12
4.322388e+12
3.791053e+12
4.14203e+12
3.614485e+12
4.38066e+12
4.157068e+12
4.606836e+12
4.374898e+12
3.801406e+12
4.079206e+12
4.457622e+12
3.889781e+12
4.383069e+12
4.159393e+12
4.609301e+12
4.377276e+12
