4.842712e+12
4.672534e+12
5.029387e+12
4.024862e+12
5.249773e+12
4.837132e+12
5.40175e+12
5.934279e+12
6.18811e+12
4.974415e+12
5.748652e+12
5.431347e+12
5.786306e+12
6.579249e+12
5.044068e+12
5.255381e+12
5.116038e+12
5.501564e+12
4.400318e+12
4.262726e+12
6.191535e+12
4.773891e+12
6.097183e+12
5.6335e+12
4.880386e+12
3.838613e+12
5.599765e+12
4.868813e+12
6.120985e+12
5.216007e+12
6.086536e+12
3.807807e+12
6.184695e+12
4.418527e+12
4.482112e+12
4.938322e+12
6.056684e+12
5.978884e+12
6.53801e+12
6.305046e+12
4.628937e+12
5.411891e+12
6.196565e+12
5.930932e+12
4.811178e+12
6.52699e+12
4.126572e+12
6.779784e+12
5.017872e+12
4.892195e+12
4.231232e+12
5.41818e+12
5.538835e+12
4.471356e+12
4.981418e+12
5.963785e+12
5.727966e+12
5.103261e+12
5.214184e+12
6.17499e+12
6.362595e+12
5.618512e+12
5.769079e+12
4.617035e+12
5.750917e+12
5.506002e+12
5.93497e+12
5.069544e+12
4.544943e+12
5.182403e+12
5.112196e+12
4.887718e+12
5.970415e+12
5.666221e+12
5.347557e+12
4.794429e+12
6.167274e+12
5.262191e+12
5.364976e+12
6.289127e+12
4.955025e+12
4.852814e+12
5.865304e+12
5.054995e+12
4.547184e+12
5.093196e+12
6.028812e+12
5.667887e+12
5.072196e+12
4.218986e+12
6.104565e+12
5.556261e+12
4.476354e+12
4.937442e+12
4.574889e+12
5.516633e+12
5.590323e+12
6.149279e+12
6.040439e+12
5.705181e+12
6.266223e+12
6.458705e+12
5.89901e+12
5.555435e+12
6.345194e+12
5.299903e+12
6.101105e+12
5.15357e+12
4.407371e+12
6.102057e+12
6.297568e+12
5.017558e+12
5.022784e+12
5.80615e+12
5.137017e+12
5.198593e+12
3.683311e+12
6.170591e+12
4.832879e+12
5.896521e+12
4.77088e+12
5.118283e+12
6.079053e+12
5.525194e+12
5.240704e+12
4.323598e+12
4.427233e+12
4.545074e+12
5.481704e+12
5.740256e+12
4.938292e+12
5.145823e+12
4.583931e+12
5.600114e+12
4.56364e+12
5.503356e+12
4.777171e+12
5.516555e+12
6.194092e+12
5.4438e+12
5.607707e+12
5.066728e+12
5.787333e+12
5.461932e+12
4.922036e+12
4.329206e+12
5.475247e+12
6.362717e+12
4.617639e+12
5.734757e+12
5.100599e+12
5.199626e+12
4.997556e+12
5.721407e+12
6.228711e+12
4.470138e+12
5.872961e+12
6.316512e+12
5.409895e+12
5.025241e+12
4.4637e+12
5.685009e+12
5.006161e+12
6.14131e+12
5.259284e+12
5.084202e+12
4.627788e+12
5.157208e+12
4.699427e+12
4.454079e+12
5.801268e+12
5.209941e+12
5.81928e+12
5.05994e+12
5.807952e+12
5.517949e+12
5.699688e+12
6.620268e+12
6.008863e+12
4.898937e+12
5.11062e+12
4.176573e+12
4.823665e+12
4.961922e+12
5.296531e+12
5.430179e+12
4.887059e+12
5.862381e+12
6.222186e+12
4.685807e+12
4.997584e+12
6.018418e+12
5.359981e+12
4.543372e+12
4.891112e+12
4.621888e+12
6.261481e+12
3.854086e+12
4.232577e+12
4.495736e+12
5.492092e+12
4.824687e+12
4.286238e+12
6.540247e+12
6.449221e+12
5.90195e+12
6.205335e+12
5.237782e+12
4.889502e+12
5.329702e+12
5.558993e+12
5.822611e+12
5.287167e+12
5.116691e+12
4.62095e+12
5.209511e+12
5.981093e+12
5.92521e+12
5.701839e+12
4.788818e+12
5.208196e+12
3.959447e+12
4.055943e+12
4.457013e+12
5.277132e+12
5.935741e+12
5.168797e+12
5.44312e+12
4.38203e+12
5.318706e+12
4.008789e+12
4.829459e+12
5.045825e+12
5.649346e+12
5.233022e+12
4.798564e+12
5.552506e+12
5.692251e+12
5.296116e+12
5.311347e+12
5.634073e+12
4.054258e+12
6.525122e+12
4.236393e+12
4.993705e+12
5.615585e+12
5.61938e+12
5.865685e+12
5.887841e+12
6.146398e+12
5.237328e+12
4.889165e+12
5.08349e+12
5.611495e+12
4.527945e+12
6.184479e+12
4.876123e+12
4.791981e+12
5.300379e+12
4.726772e+12
5.756178e+12
5.567564e+12
5.332568e+12
5.320307e+12
5.230715e+12
6.43023e+12
4.828612e+12
4.707999e+12
4.487859e+12
6.000374e+12
6.380573e+12
6.151636e+12
5.908423e+12
4.111086e+12
4.647376e+12
5.3608e+12
4.570988e+12
5.519042e+12
5.030563e+12
5.824073e+12
4.344096e+12
5.133445e+12
5.905267e+12
5.499269e+12
4.733542e+12
4.868026e+12
4.170552e+12
5.649128e+12
4.823799e+12
4.749628e+12
6.082908e+12
4.546144e+12
5.106142e+12
4.011899e+12
5.730082e+12
5.201932e+12
5.756107e+12
5.86077e+12
6.081481e+12
6.115182e+12
4.624254e+12
5.662867e+12
5.84451e+12
5.537784e+12
4.546045e+12
5.306489e+12
5.273011e+12
5.049123e+12
6.11854e+12
5.774329e+12
5.536922e+12
6.414403e+12
5.541922e+12
4.249218e+12
5.887709e+12
4.964605e+12
5.032026e+12
5.478331e+12
6.250331e+12
5.754963e+12
5.462752e+12
4.614515e+12
5.66926e+12
5.565658e+12
5.692616e+12
5.137879e+12
6.455823e+12
4.773543e+12
6.13072e+12
5.542807e+12
4.998854e+12
5.448932e+12
6.059268e+12
5.563225e+12
5.833866e+12
4.694995e+12
5.719013e+12
4.978455e+12
5.073247e+12
4.997618e+12
6.193513e+12
6.083616e+12
4.956339e+12
5.274765e+12
5.156611e+12
5.363698e+12
4.650521e+12
5.760356e+12
5.545832e+12
4.858492e+12
4.640479e+12
5.499795e+12
5.239719e+12
5.402128e+12
4.708978e+12
4.986584e+12
5.911636e+12
5.773056e+12
5.35189e+12
6.121832e+12
4.372647e+12
4.731413e+12
5.990623e+12
5.968004e+12
5.439291e+12
5.421581e+12
5.292061e+12
5.161067e+12
6.532988e+12
5.176859e+12
5.621872e+12
6.034602e+12
5.959014e+12
6.3103e+12
5.724843e+12
5.199811e+12
5.80972e+12
5.264367e+12
6.23464e+12
6.000415e+12
4.799702e+12
6.200552e+12
5.778645e+12
5.272282e+12
5.855184e+12
5.626001e+12
4.392942e+12
6.028819e+12
6.327348e+12
6.151716e+12
5.631712e+12
6.038423e+12
6.330445e+12
5.121808e+12
6.057365e+12
5.248654e+12
5.790078e+12
5.983665e+12
5.907784e+12
5.951252e+12
5.456081e+12
5.841784e+12
6.030934e+12
6.620764e+12
5.009963e+12
5.546841e+12
5.641369e+12
4.788385e+12
5.703528e+12
5.481447e+12
5.499822e+12
4.561298e+12
5.787039e+12
5.053508e+12
4.693322e+12
5.770766e+12
5.001284e+12
5.48797e+12
4.910172e+12
5.557866e+12
5.392911e+12
5.106751e+12
4.925673e+12
6.127885e+12
5.875651e+12
6.575949e+12
5.428147e+12
5.699803e+12
5.930621e+12
4.735308e+12
6.44527e+12
5.026112e+12
5.508851e+12
4.725609e+12
6.417724e+12
4.359973e+12
5.047417e+12
6.085483e+12
4.97804e+12
4.354578e+12
4.986569e+12
5.383928e+12
5.955459e+12
5.376668e+12
4.681901e+12
5.740328e+12
4.514062e+12
5.736376e+12
4.953665e+12
4.746303e+12
4.187841e+12
4.052085e+12
5.531019e+12
5.883222e+12
6.280497e+12
5.30549e+12
5.893182e+12
4.8893e+12
5.771677e+12
5.357861e+12
4.847227e+12
5.107982e+12
4.934031e+12
5.412853e+12
5.599873e+12
5.461425e+12
6.011427e+12
5.205807e+12
5.775431e+12
5.681401e+12
4.890072e+12
6.002647e+12
6.089658e+12
6.386615e+12
5.638747e+12
6.323125e+12
5.944667e+12
4.747011e+12
5.849942e+12
5.63393e+12
6.177911e+12
5.700408e+12
6.126784e+12
6.334235e+12
5.338868e+12
5.425226e+12
5.458694e+12
5.908704e+12
6.478539e+12
5.990184e+12
4.672541e+12
5.120787e+12
6.655325e+12
5.737586e+12
4.902707e+12
5.842633e+12
5.970428e+12
5.690622e+12
6.058135e+12
6.202192e+12
6.542679e+12
5.055103e+12
5.307864e+12
5.870805e+12
5.149243e+12
5.957608e+12
5.70555e+12
6.276958e+12
6.013209e+12
5.944695e+12
5.95768e+12
6.478982e+12
5.1184e+12
5.688959e+12
6.240017e+12
4.939764e+12
6.21556e+12
5.38632e+12
5.985851e+12
5.198558e+12
5.08276e+12
5.330908e+12
5.847835e+12
5.128994e+12
5.027456e+12
5.515116e+12
4.858026e+12
5.61603e+12
5.981232e+12
5.728161e+12
6.301181e+12
6.036379e+12
6.273577e+12
5.935685e+12
6.508872e+12
5.142018e+12
5.6618e+12
5.715205e+12
4.921538e+12
6.243607e+12
5.410604e+12
6.012841e+12
5.179839e+12
5.705439e+12
5.973871e+12
5.746049e+12
6.300825e+12
6.246249e+12
5.096733e+12
5.442833e+12
5.533083e+12
6.023759e+12
6.604685e+12
4.765342e+12
5.220342e+12
5.815364e+12
4.997852e+12
5.729933e+12
5.039464e+12
5.528261e+12
4.848712e+12
5.993111e+12
5.739529e+12
6.313356e+12
6.048023e+12
5.105164e+12
5.349547e+12
5.86824e+12
5.146982e+12
6.00026e+12
5.746368e+12
6.32068e+12
6.055027e+12
